m_0 m_1 E I
1000 1000 -133.686913 10105000 
1000 1000 -133.686913 10105000 
1000 1000 -133.686913 10105000 
1000 1000 -133.686913 10105000 
1000 1000 -133.686913 10105000 
1000 1000 -133.686913 10105000 
1000 1000 -133.686913 10105000 
1000 1000 -133.686913 10105000 
1000 1000 -133.686913 10105000 
1000 1000 -133.686913 10105000 
1000 1000 -133.686913 10105000 
1000 1000 -133.686913 10105000 
1000 1000 -133.686913 10105000 
1000 1000 -133.686913 10105000 
1000 1000 -133.686913 10105000 
1000 1000 -133.686913 10105000 
1000 1000 -133.686913 10105000 
1000 1000 -133.686913 10105000 
1000 1000 -133.686913 10105000 
1000 1000 -133.686913 10105000 
1000 1000 -133.686913 10105000 
1000 1000 -133.686913 10105000 
1000 1000 -133.686913 10105000 
1000 1000 -133.686913 10105000 
1000 1000 -133.686913 10105000 
1000 1000 -133.686913 10105000 
1000 1000 -133.686913 10105000 
1000 1000 -133.686913 10105000 
1000 1000 -133.686913 10105000 
1000 1000 -133.686913 10105000 
1000 1000 -133.686913 10105000 
1000 1000 -133.686913 10105000 
1000 1000 -133.686913 10105000 
1000 1000 -133.686913 10105000 
1000 1000 -133.686913 10105000 
1000 1000 -133.686913 10105000 
1000 1000 -133.686913 10105000 
1000 1000 -133.686913 10105000 
1000 1000 -133.686913 10105000 
1000 1000 -133.686913 10105000 
100 1000 -133.686913 6605000 
100 1000 -133.686913 6105000 
100 1000 -133.686913 8105000 
100 1000 -133.686913 7105000 
100 1000 -133.686913 6105000 
100 1000 -132.525326 7605000 
100 1000 -133.686913 7605000 
100 1000 -133.686913 6605000 
100 1000 -133.686913 7605000 
100 1000 -133.686913 8105000 
100 1000 -133.686913 8105000 
100 1000 -133.686913 7605000 
100 1000 -133.686913 7605000 
100 1000 -133.686913 7605000 
100 1000 -133.686913 7605000 
100 1000 -133.686913 5605000 
100 1000 -133.686913 6605000 
100 1000 -133.686913 6605000 
100 1000 -133.686913 8105000 
100 1000 -133.686913 7605000 
100 1000 -133.686913 7605000 
100 1000 -133.686913 8105000 
100 1000 -133.686913 8605000 
100 1000 -133.686913 6605000 
100 1000 -133.686913 8105000 
100 1000 -133.686913 8105000 
100 1000 -133.686913 7605000 
100 1000 -132.525326 8605000 
100 1000 -133.686913 8105000 
100 1000 -133.686913 8105000 
100 1000 -133.686913 8105000 
100 1000 -133.686913 7605000 
100 1000 -133.686913 8105000 
100 1000 -133.686913 6605000 
100 1000 -133.686913 7105000 
100 1000 -133.686913 6605000 
100 1000 -133.686913 7105000 
100 1000 -133.686913 7105000 
100 1000 -133.686913 6105000 
100 1000 -133.686913 7605000 
10 1000 -133.686913 3555000 
10 1000 -133.686913 4105000 
10 1000 -133.686913 3305000 
10 1000 -133.686913 3655000 
10 1000 -133.686913 4555000 
10 1000 -133.686913 4055000 
10 1000 -133.686913 4105000 
10 1000 -133.686913 4105000 
10 1000 -133.686913 4955000 
10 1000 -133.686913 4905000 
10 1000 -133.686913 4005000 
10 1000 -133.686913 3955000 
10 1000 -133.686913 4955000 
10 1000 -132.375519 4205000 
10 1000 -133.686913 2855000 
10 1000 -132.375519 4005000 
10 1000 -133.686913 4655000 
10 1000 -133.686913 3555000 
10 1000 -133.686913 5055000 
10 1000 -133.686913 4205000 
10 1000 -133.686913 4305000 
10 1000 -133.686913 4305000 
10 1000 -133.686913 4255000 
10 1000 -133.686913 4905000 
10 1000 -133.686913 3655000 
10 1000 -133.686913 4055000 
10 1000 -133.686913 3855000 
10 1000 -133.686913 3005000 
10 1000 -133.686913 4355000 
10 1000 -133.686913 4955000 
10 1000 -133.686913 4955000 
10 1000 -133.686913 4305000 
10 1000 -133.686913 4955000 
10 1000 -132.525326 5155000 
10 1000 -132.375519 3955000 
10 1000 -133.686913 4305000 
10 1000 -133.686913 4355000 
10 1000 -133.686913 3605000 
10 1000 -133.686913 4455000 
10 1000 -133.686913 4905000 
50 1000 -133.686913 5855000 
50 1000 -133.686913 5855000 
50 1000 -133.686913 7355000 
50 1000 -133.686913 5855000 
50 1000 -133.686913 6355000 
50 1000 -133.686913 6855000 
50 1000 -133.686913 7105000 
50 1000 -133.686913 6855000 
50 1000 -133.686913 6355000 
50 1000 -133.686913 6355000 
50 1000 -133.686913 6105000 
50 1000 -133.686913 5605000 
50 1000 -133.686913 6855000 
50 1000 -133.686913 6355000 
50 1000 -133.686913 5355000 
50 1000 -133.686913 6355000 
50 1000 -133.686913 5605000 
50 1000 -133.686913 6855000 
50 1000 -133.686913 6605000 
50 1000 -133.686913 5355000 
50 1000 -133.686913 6855000 
50 1000 -133.686913 6605000 
50 1000 -133.686913 6355000 
50 1000 -133.686913 6355000 
50 1000 -133.686913 6855000 
50 1000 -133.686913 5855000 
50 1000 -133.686913 6605000 
50 1000 -133.686913 5355000 
50 1000 -133.686913 6355000 
50 1000 -133.686913 6105000 
50 1000 -133.686913 6855000 
50 1000 -132.525326 7355000 
50 1000 -133.686913 6105000 
50 1000 -133.686913 6855000 
50 1000 -133.686913 5605000 
50 1000 -133.686913 6605000 
50 1000 -133.686913 6855000 
50 1000 -133.686913 7105000 
50 1000 -133.686913 6355000 
50 1000 -133.686913 6105000 
1000 100 -133.686913 8605000 
1000 100 -133.686913 8605000 
1000 100 -133.686913 8605000 
1000 100 -133.686913 8605000 
1000 100 -133.686913 7605000 
1000 100 -133.686913 9105000 
1000 100 -133.686913 8105000 
1000 100 -133.686913 9105000 
1000 100 -133.686913 8105000 
1000 100 -133.686913 8105000 
1000 100 -133.686913 9105000 
1000 100 -133.686913 8105000 
1000 100 -133.686913 9105000 
1000 100 -133.686913 8605000 
1000 100 -133.686913 8105000 
1000 100 -133.686913 8105000 
1000 100 -133.686913 8605000 
1000 100 -133.686913 7605000 
1000 100 -133.686913 8605000 
1000 100 -133.686913 9105000 
1000 100 -133.686913 8105000 
1000 100 -133.686913 9605000 
1000 100 -133.686913 9105000 
1000 100 -133.686913 8605000 
1000 100 -133.686913 8605000 
1000 100 -133.686913 8105000 
1000 100 -133.686913 9105000 
1000 100 -133.686913 9105000 
1000 100 -133.686913 9105000 
1000 100 -133.686913 8105000 
1000 100 -133.686913 8605000 
1000 100 -133.686913 7605000 
1000 100 -133.686913 7105000 
1000 100 -133.686913 8105000 
1000 100 -133.686913 8605000 
1000 100 -133.686913 8605000 
1000 100 -133.686913 9605000 
1000 100 -133.686913 9105000 
1000 100 -133.686913 8605000 
1000 100 -133.686913 8605000 
100 100 -133.686913 7105000 
100 100 -133.686913 7255000 
100 100 -133.686913 7005000 
100 100 -133.686913 6655000 
100 100 -133.686913 7255000 
100 100 -133.686913 5605000 
100 100 -133.686913 7355000 
100 100 -133.686913 7005000 
100 100 -133.686913 7455000 
100 100 -133.686913 6455000 
100 100 -133.686913 7155000 
100 100 -133.686913 6755000 
100 100 -133.686913 6255000 
100 100 -133.686913 6805000 
100 100 -133.686913 7255000 
100 100 -133.686913 5255000 
100 100 -133.686913 7305000 
100 100 -133.686913 6755000 
100 100 -133.686913 7755000 
100 100 -133.686913 7105000 
100 100 -133.686913 6655000 
100 100 -133.686913 6105000 
100 100 -133.686913 5655000 
100 100 -133.686913 7255000 
100 100 -133.686913 7455000 
100 100 -133.686913 8405000 
100 100 -133.686913 7355000 
100 100 -133.686913 7055000 
100 100 -133.686913 6205000 
100 100 -132.525326 7755000 
100 100 -133.686913 6305000 
100 100 -133.686913 7705000 
100 100 -133.686913 6455000 
100 100 -133.686913 7655000 
100 100 -133.686913 5355000 
100 100 -133.686913 7155000 
100 100 -133.686913 7555000 
100 100 -133.686913 7605000 
100 100 -133.686913 6655000 
100 100 -133.686913 7055000 
10 100 -133.686913 3635000 
10 100 -133.686913 3290000 
10 100 -133.686913 4695000 
10 100 -133.686913 4365000 
10 100 -133.686913 4045000 
10 100 -132.525326 4545000 
10 100 -133.686913 3925000 
10 100 -133.686913 3660000 
10 100 -133.686913 3995000 
10 100 -133.686913 3460000 
10 100 -133.686913 3925000 
10 100 -133.686913 4465000 
10 100 -133.686913 4270000 
10 100 -133.686913 4360000 
10 100 -132.525326 4490000 
10 100 -133.686913 4520000 
10 100 -132.525326 4405000 
10 100 -133.686913 3825000 
10 100 -132.525326 4090000 
10 100 -133.686913 4480000 
10 100 -133.686913 3830000 
10 100 -133.686913 4815000 
10 100 -133.686913 4335000 
10 100 -133.686913 3420000 
10 100 -133.686913 4840000 
10 100 -133.686913 4790000 
10 100 -133.686913 4375000 
10 100 -133.686913 3525000 
10 100 -133.686913 3690000 
10 100 -133.686913 3925000 
10 100 -133.686913 4180000 
10 100 -132.525326 4330000 
10 100 -133.686913 4135000 
10 100 -133.686913 4680000 
10 100 -133.686913 3500000 
10 100 -133.686913 3905000 
10 100 -132.525326 4480000 
10 100 -133.686913 4480000 
10 100 -133.686913 4860000 
10 100 -133.686913 5040000 
50 100 -133.686913 5505000 
50 100 -133.686913 7230000 
50 100 -133.686913 6305000 
50 100 -133.686913 6955000 
50 100 -133.686913 7155000 
50 100 -133.686913 5955000 
50 100 -133.686913 5730000 
50 100 -133.686913 6755000 
50 100 -133.686913 5555000 
50 100 -133.686913 6080000 
50 100 -133.686913 6205000 
50 100 -133.686913 5855000 
50 100 -133.686913 6855000 
50 100 -133.686913 6005000 
50 100 -133.686913 6605000 
50 100 -133.686913 6530000 
50 100 -133.686913 6555000 
50 100 -133.686913 6555000 
50 100 -133.686913 6330000 
50 100 -133.686913 6405000 
50 100 -133.686913 6055000 
50 100 -133.686913 4930000 
50 100 -133.686913 6605000 
50 100 -133.686913 6730000 
50 100 -133.686913 5930000 
50 100 -133.686913 7155000 
50 100 -133.686913 6680000 
50 100 -133.686913 6230000 
50 100 -133.686913 7130000 
50 100 -133.686913 5705000 
50 100 -133.686913 5830000 
50 100 -133.686913 5805000 
50 100 -133.686913 6280000 
50 100 -133.686913 5805000 
50 100 -133.686913 6855000 
50 100 -133.686913 5980000 
50 100 -133.686913 6980000 
50 100 -133.686913 6830000 
50 100 -133.686913 6980000 
50 100 -133.686913 6555000 
1000 10 -133.686913 7855000 
1000 10 -133.686913 8055000 
1000 10 -133.686913 7755000 
1000 10 -133.686913 8855000 
1000 10 -133.686913 8205000 
1000 10 -133.686913 8055000 
1000 10 -133.686913 8455000 
1000 10 -133.686913 8205000 
1000 10 -133.686913 7955000 
1000 10 -133.686913 8855000 
1000 10 -133.686913 8855000 
1000 10 -133.686913 6655000 
1000 10 -133.686913 8855000 
1000 10 -133.686913 7755000 
1000 10 -133.686913 8605000 
1000 10 -133.686913 9105000 
1000 10 -133.686913 7955000 
1000 10 -133.686913 8455000 
1000 10 -133.686913 9255000 
1000 10 -133.686913 9305000 
1000 10 -133.686913 8505000 
1000 10 -133.686913 8455000 
1000 10 -133.686913 8905000 
1000 10 -133.686913 8505000 
1000 10 -133.664760 8105000 
1000 10 -133.686913 8155000 
1000 10 -133.686913 8905000 
1000 10 -133.686913 8455000 
1000 10 -133.686913 8105000 
1000 10 -133.686913 8105000 
1000 10 -133.686913 7855000 
1000 10 -133.686913 7355000 
1000 10 -133.686913 8305000 
1000 10 -133.686913 8505000 
1000 10 -133.686913 8805000 
1000 10 -133.686913 8905000 
1000 10 -133.686913 9155000 
1000 10 -133.686913 8355000 
1000 10 -133.686913 9005000 
1000 10 -133.686913 9255000 
100 10 -133.686913 6280000 
100 10 -133.686913 5910000 
100 10 -133.686913 8020000 
100 10 -133.686913 6880000 
100 10 -133.686913 7100000 
100 10 -133.686913 7665000 
100 10 -133.686913 7430000 
100 10 -133.686913 6960000 
100 10 -133.686913 7665000 
100 10 -133.686913 7315000 
100 10 -133.686913 7420000 
100 10 -133.686913 7675000 
100 10 -133.686913 6250000 
100 10 -133.686913 6535000 
100 10 -133.686913 7500000 
100 10 -133.686913 7600000 
100 10 -133.686913 7565000 
100 10 -133.686913 6820000 
100 10 -133.686913 6635000 
100 10 -133.686913 7270000 
100 10 -133.686913 6830000 
100 10 -133.686913 6755000 
100 10 -133.686913 6310000 
100 10 -133.686913 7050000 
100 10 -133.686913 6345000 
100 10 -133.686913 6880000 
100 10 -133.686913 7080000 
100 10 -133.686913 7060000 
100 10 -133.686913 7090000 
100 10 -133.686913 7950000 
100 10 -133.686913 6565000 
100 10 -133.686913 7480000 
100 10 -133.686913 6405000 
100 10 -133.686913 7925000 
100 10 -133.686913 7500000 
100 10 -133.686913 6965000 
100 10 -133.686913 8480000 
100 10 -133.686913 6380000 
100 10 -133.686913 7180000 
100 10 -133.686913 6515000 
10 10 -133.686913 4603000 
10 10 -133.686913 4307000 
10 10 -133.686913 4934000 
10 10 -133.686913 4678500 
10 10 -133.686913 4138000 
10 10 -133.686913 4828000 
10 10 -133.686913 4025000 
10 10 -132.525326 4653500 
10 10 -133.686913 5401500 
10 10 -132.525326 4232000 
10 10 -133.686913 4492000 
10 10 -133.686913 4848000 
10 10 -133.686913 4975000 
10 10 -132.525326 4085000 
10 10 -133.686913 3749500 
10 10 -133.686913 3973000 
10 10 -131.378824 4136000 
10 10 -132.525326 5489000 
10 10 -132.525326 4557000 
10 10 -132.525326 5194500 
10 10 -133.686913 4268500 
10 10 -133.686913 3539000 
10 10 -132.525326 4742500 
10 10 -133.686913 4614000 
10 10 -133.686913 4503500 
10 10 -132.525326 5458500 
10 10 -133.686913 4318000 
10 10 -133.686913 4775500 
10 10 -133.686913 4278000 
10 10 -133.686913 4959500 
10 10 -133.686913 4370500 
10 10 -133.686913 4319500 
10 10 -133.686913 4704000 
10 10 -133.686913 4723000 
10 10 -132.525326 5016500 
10 10 -133.686913 4760500 
10 10 -133.686913 4640000 
10 10 -133.686913 3952500 
10 10 -132.525326 4600500 
10 10 -132.525326 5290500 
50 10 -133.686913 6497500 
50 10 -133.686913 5527500 
50 10 -133.686913 4685000 
50 10 -133.686913 5977500 
50 10 -133.686913 5597500 
50 10 -133.686913 5902500 
50 10 -132.375519 7175000 
50 10 -133.686913 5950000 
50 10 -133.686913 5257500 
50 10 -133.686913 6727500 
50 10 -133.686913 7102500 
50 10 -133.686913 6782500 
50 10 -133.686913 6275000 
50 10 -133.686913 6330000 
50 10 -133.686913 6272500 
50 10 -133.686913 6107500 
50 10 -133.686913 5680000 
50 10 -133.686913 5727500 
50 10 -133.686913 5570000 
50 10 -133.686913 5860000 
50 10 -133.686913 7317500 
50 10 -133.686913 6930000 
50 10 -133.686913 6082500 
50 10 -133.686913 6422500 
50 10 -133.686913 6535000 
50 10 -133.686913 7165000 
50 10 -133.686913 5612500 
50 10 -133.686913 4842500 
50 10 -133.686913 5702500 
50 10 -133.686913 6890000 
50 10 -133.686913 7282500 
50 10 -133.686913 6347500 
50 10 -133.686913 7165000 
50 10 -133.686913 5460000 
50 10 -133.686913 7252500 
50 10 -133.686913 5352500 
50 10 -133.686913 6382500 
50 10 -133.686913 5805000 
50 10 -133.686913 6507500 
50 10 -132.525326 6380000 
1000 50 -133.686913 8855000 
1000 50 -133.686913 8355000 
1000 50 -133.686913 8855000 
1000 50 -133.686913 6855000 
1000 50 -133.686913 9355000 
1000 50 -133.686913 9355000 
1000 50 -133.686913 8605000 
1000 50 -133.686913 9105000 
1000 50 -133.686913 8855000 
1000 50 -133.664760 8105000 
1000 50 -133.686913 7105000 
1000 50 -133.686913 8355000 
1000 50 -133.686913 8105000 
1000 50 -133.686913 8605000 
1000 50 -133.686913 8855000 
1000 50 -133.686913 8605000 
1000 50 -133.686913 7855000 
1000 50 -133.686913 8355000 
1000 50 -133.686913 7855000 
1000 50 -133.686913 8355000 
1000 50 -133.686913 8105000 
1000 50 -133.686913 8855000 
1000 50 -133.686913 8355000 
1000 50 -133.686913 8855000 
1000 50 -133.686913 8605000 
1000 50 -133.686913 8105000 
1000 50 -133.686913 7355000 
1000 50 -133.686913 8605000 
1000 50 -133.686913 8105000 
1000 50 -133.686913 9105000 
1000 50 -133.686913 8105000 
1000 50 -133.686913 8855000 
1000 50 -133.686913 7855000 
1000 50 -133.686913 7605000 
1000 50 -133.686913 7605000 
1000 50 -133.686913 7605000 
1000 50 -133.686913 6605000 
1000 50 -133.686913 8105000 
1000 50 -133.686913 8355000 
1000 50 -133.686913 8855000 
100 50 -133.686913 7630000 
100 50 -133.686913 6330000 
100 50 -133.686913 7830000 
100 50 -133.686913 6830000 
100 50 -133.686913 7580000 
100 50 -133.686913 6555000 
100 50 -133.686913 7230000 
100 50 -133.686913 7305000 
100 50 -133.686913 7505000 
100 50 -133.686913 7105000 
100 50 -133.686913 7180000 
100 50 -133.686913 7705000 
100 50 -133.686913 7430000 
100 50 -133.686913 7180000 
100 50 -133.686913 7580000 
100 50 -133.686913 7580000 
100 50 -133.686913 4830000 
100 50 -133.686913 7255000 
100 50 -133.686913 6580000 
100 50 -133.686913 7930000 
100 50 -133.686913 6430000 
100 50 -133.686913 6080000 
100 50 -133.686913 6830000 
100 50 -133.686913 6980000 
100 50 -133.686913 7105000 
100 50 -133.686913 6255000 
100 50 -133.686913 6180000 
100 50 -133.686913 7280000 
100 50 -133.686913 7630000 
100 50 -133.686913 7205000 
100 50 -133.686913 7930000 
100 50 -133.686913 6780000 
100 50 -133.686913 7505000 
100 50 -133.686913 7455000 
100 50 -133.686913 6505000 
100 50 -133.686913 7030000 
100 50 -133.686913 7205000 
100 50 -132.525326 6330000 
100 50 -133.686913 5880000 
100 50 -133.686913 7305000 
10 50 -133.686913 5367500 
10 50 -133.686913 4782500 
10 50 -133.686913 4055000 
10 50 -133.686913 5425000 
10 50 -133.686913 4602500 
10 50 -132.525326 4710000 
10 50 -133.686913 4620000 
10 50 -133.686913 4917500 
10 50 -133.686913 4212500 
10 50 -133.686913 3260000 
10 50 -133.686913 4542500 
10 50 -132.462948 3800000 
10 50 -133.686913 5025000 
10 50 -133.686913 3897500 
10 50 -133.686913 3922500 
10 50 -132.525326 3425000 
10 50 -132.525326 5082500 
10 50 -133.686913 3685000 
10 50 -133.686913 4447500 
10 50 -133.686913 3920000 
10 50 -133.686913 4302500 
10 50 -132.525326 4672500 
10 50 -133.686913 4335000 
10 50 -132.525326 4070000 
10 50 -133.686913 4307500 
10 50 -132.525326 4630000 
10 50 -133.686913 2407500 
10 50 -133.686913 4067500 
10 50 -133.686913 5047500 
10 50 -133.686913 4112500 
10 50 -133.686913 4522500 
10 50 -133.686913 4262500 
10 50 -132.525326 4885000 
10 50 -132.525326 4550000 
10 50 -133.686913 4622500 
10 50 -133.686913 4797500 
10 50 -133.686913 4382500 
10 50 -133.686913 4327500 
10 50 -133.686913 4712500 
10 50 -133.686913 4275000 
50 50 -133.686913 5517500 
50 50 -133.686913 6005000 
50 50 -133.686913 6467500 
50 50 -133.686913 6692500 
50 50 -133.686913 5242500 
50 50 -133.686913 5905000 
50 50 -133.686913 6355000 
50 50 -133.686913 6355000 
50 50 -133.686913 5717500 
50 50 -133.686913 6030000 
50 50 -133.686913 6492500 
50 50 -133.686913 5605000 
50 50 -133.686913 7417500 
50 50 -133.686913 6780000 
50 50 -133.686913 6780000 
50 50 -133.686913 5767500 
50 50 -133.686913 6367500 
50 50 -133.686913 6030000 
50 50 -133.686913 5805000 
50 50 -133.686913 4880000 
50 50 -133.686913 5880000 
50 50 -133.686913 6617500 
50 50 -133.686913 6217500 
50 50 -133.686913 5667500 
50 50 -133.686913 6480000 
50 50 -133.686913 5705000 
50 50 -133.686913 6680000 
50 50 -133.686913 6830000 
50 50 -133.686913 6280000 
50 50 -133.686913 6755000 
50 50 -133.686913 6030000 
50 50 -133.686913 6205000 
50 50 -133.686913 7030000 
50 50 -133.686913 4930000 
50 50 -133.686913 6317500 
50 50 -133.686913 5580000 
50 50 -133.686913 5867500 
50 50 -133.686913 6492500 
50 50 -133.686913 6742500 
50 50 -133.686913 6930000 
