m_0 m_1 E I
1000 1000 -133.686913 10110000 
1000 1000 -133.686913 20110000 
1000 1000 -133.686913 10110000 
1000 1000 -133.686913 10110000 
1000 1000 -133.686913 10110000 
1000 1000 -133.686913 10110000 
1000 1000 -133.686913 10110000 
1000 1000 -133.686913 10110000 
1000 1000 -133.686913 10110000 
1000 1000 -133.686913 10110000 
1000 1000 -133.686913 10110000 
1000 1000 -133.686913 10110000 
1000 1000 -133.686913 10110000 
1000 1000 -133.686913 20110000 
1000 1000 -133.686913 10110000 
1000 1000 -133.686913 10110000 
1000 1000 -133.686913 10110000 
1000 1000 -133.686913 10110000 
1000 1000 -133.686913 20110000 
1000 1000 -133.686913 20110000 
1000 1000 -133.686913 10110000 
1000 1000 -133.686913 10110000 
1000 1000 -133.686913 10110000 
1000 1000 -133.686913 10110000 
1000 1000 -133.686913 10110000 
1000 1000 -133.686913 20110000 
1000 1000 -133.686913 10110000 
1000 1000 -133.686913 10110000 
1000 1000 -133.686913 10110000 
1000 1000 -133.686913 10110000 
1000 1000 -133.686913 10110000 
1000 1000 -133.686913 20110000 
1000 1000 -133.686913 10110000 
1000 1000 -133.686913 10110000 
1000 1000 -133.686913 20110000 
1000 1000 -133.686913 10110000 
1000 1000 -133.686913 10110000 
1000 1000 -133.686913 10110000 
1000 1000 -133.686913 20110000 
1000 1000 -133.686913 10110000 
1000 1000 -133.686913 10110000 
1000 1000 -133.686913 20110000 
1000 1000 -133.686913 10110000 
1000 1000 -133.686913 10110000 
1000 1000 -133.686913 20110000 
1000 1000 -133.686913 20110000 
1000 1000 -133.686913 20110000 
1000 1000 -133.686913 20110000 
1000 1000 -133.686913 10110000 
1000 1000 -133.686913 10110000 
1000 1000 -133.686913 10110000 
1000 1000 -133.686913 10110000 
1000 1000 -133.686913 10110000 
1000 1000 -133.686913 10110000 
1000 1000 -133.686913 10110000 
1000 1000 -133.686913 10110000 
1000 1000 -133.686913 10110000 
1000 1000 -133.686913 10110000 
1000 1000 -133.686913 10110000 
1000 1000 -133.686913 10110000 
1000 1000 -133.686913 20110000 
1000 1000 -133.686913 10110000 
1000 1000 -133.686913 10110000 
1000 1000 -133.686913 10110000 
1000 1000 -133.686913 20110000 
1000 1000 -133.686913 10110000 
1000 1000 -133.686913 10110000 
1000 1000 -133.686913 10110000 
1000 1000 -133.686913 10110000 
1000 1000 -133.686913 10110000 
1000 1000 -133.686913 10110000 
1000 1000 -133.686913 10110000 
1000 1000 -133.686913 20110000 
1000 1000 -133.686913 10110000 
1000 1000 -133.686913 10110000 
1000 1000 -133.686913 10110000 
1000 1000 -133.686913 10110000 
1000 1000 -133.686913 10110000 
1000 1000 -133.686913 10110000 
1000 1000 -133.686913 10110000 
1000 1000 -133.686913 20110000 
1000 1000 -133.686913 20110000 
1000 1000 -133.686913 10110000 
1000 1000 -133.686913 10110000 
1000 1000 -133.686913 10110000 
1000 1000 -133.686913 20110000 
1000 1000 -133.686913 10110000 
1000 1000 -133.686913 20110000 
1000 1000 -133.686913 10110000 
1000 1000 -133.686913 20110000 
1000 1000 -133.686913 10110000 
1000 1000 -133.686913 10110000 
1000 1000 -133.686913 20110000 
1000 1000 -133.686913 20110000 
1000 1000 -133.686913 10110000 
1000 1000 -133.686913 10110000 
1000 1000 -133.686913 10110000 
1000 1000 -133.686913 10110000 
1000 1000 -133.686913 20110000 
1000 1000 -133.686913 10110000 
100 1000 -133.686913 8110000 
100 1000 -133.686913 9110000 
100 1000 -133.686913 7110000 
100 1000 -133.686913 9110000 
100 1000 -133.686913 9110000 
100 1000 -133.686913 7110000 
100 1000 -133.686913 7110000 
100 1000 -133.686913 8110000 
100 1000 -133.686913 9110000 
100 1000 -133.686913 9110000 
100 1000 -133.686913 10110000 
100 1000 -133.686913 7110000 
100 1000 -133.686913 9110000 
100 1000 -133.686913 8110000 
100 1000 -133.686913 8110000 
100 1000 -133.686913 10110000 
100 1000 -133.686913 7110000 
100 1000 -133.686913 8110000 
100 1000 -133.686913 9110000 
100 1000 -133.686913 8110000 
100 1000 -133.686913 8110000 
100 1000 -133.686913 8110000 
100 1000 -133.686913 10110000 
100 1000 -133.686913 9110000 
100 1000 -133.686913 9110000 
100 1000 -133.686913 9110000 
100 1000 -133.686913 10110000 
100 1000 -133.686913 10110000 
100 1000 -133.686913 8110000 
100 1000 -133.686913 8110000 
100 1000 -133.686913 7110000 
100 1000 -133.686913 6110000 
100 1000 -133.686913 10110000 
100 1000 -133.686913 10110000 
100 1000 -133.686913 10110000 
100 1000 -133.686913 9110000 
100 1000 -133.686913 9110000 
100 1000 -133.686913 9110000 
100 1000 -133.686913 8110000 
100 1000 -133.686913 7110000 
100 1000 -133.686913 10110000 
100 1000 -133.686913 9110000 
100 1000 -133.686913 10110000 
100 1000 -133.686913 7110000 
100 1000 -133.686913 11110000 
100 1000 -133.686913 10110000 
100 1000 -133.686913 9110000 
100 1000 -133.686913 10110000 
100 1000 -133.686913 10110000 
100 1000 -133.686913 9110000 
100 1000 -133.686913 9110000 
100 1000 -133.686913 10110000 
100 1000 -133.686913 10110000 
100 1000 -133.686913 8110000 
100 1000 -133.686913 8110000 
100 1000 -133.686913 8110000 
100 1000 -133.686913 8110000 
100 1000 -133.686913 10110000 
100 1000 -133.686913 9110000 
100 1000 -133.686913 8110000 
100 1000 -133.686913 8110000 
100 1000 -133.686913 7110000 
100 1000 -133.686913 6110000 
100 1000 -133.686913 9110000 
100 1000 -133.686913 8110000 
100 1000 -133.686913 10110000 
100 1000 -133.686913 9110000 
100 1000 -133.686913 8110000 
100 1000 -133.686913 8110000 
100 1000 -133.686913 7110000 
100 1000 -133.686913 9110000 
100 1000 -133.686913 9110000 
100 1000 -133.686913 9110000 
100 1000 -133.686913 10110000 
100 1000 -133.686913 7110000 
100 1000 -133.686913 7110000 
100 1000 -133.686913 8110000 
100 1000 -133.686913 8110000 
100 1000 -133.686913 8110000 
100 1000 -133.686913 9110000 
100 1000 -133.686913 9110000 
100 1000 -133.686913 8110000 
100 1000 -133.686913 7110000 
100 1000 -133.686913 7110000 
100 1000 -133.686913 8110000 
100 1000 -133.686913 9110000 
100 1000 -133.686913 9110000 
100 1000 -133.686913 9110000 
100 1000 -133.686913 9110000 
100 1000 -133.686913 8110000 
100 1000 -133.686913 8110000 
100 1000 -133.686913 8110000 
100 1000 -133.686913 10110000 
100 1000 -133.686913 10110000 
100 1000 -133.686913 9110000 
100 1000 -133.686913 10110000 
100 1000 -133.686913 9110000 
100 1000 -133.686913 9110000 
100 1000 -133.686913 9110000 
100 1000 -133.686913 9110000 
10 1000 -133.686913 5210000 
10 1000 -133.686913 5910000 
10 1000 -133.686913 6610000 
10 1000 -133.686913 5310000 
10 1000 -133.686913 3810000 
10 1000 -133.686913 6810000 
10 1000 -133.686913 5310000 
10 1000 -133.686913 4510000 
10 1000 -133.686913 5010000 
10 1000 -133.686913 3610000 
10 1000 -133.686913 5010000 
10 1000 -133.686913 7110000 
10 1000 -133.686913 5910000 
10 1000 -132.525326 6510000 
10 1000 -133.686913 6210000 
10 1000 -133.686913 5810000 
10 1000 -133.686913 5610000 
10 1000 -133.686913 5510000 
10 1000 -133.686913 5610000 
10 1000 -133.686913 6410000 
10 1000 -132.525326 6510000 
10 1000 -133.686913 6010000 
10 1000 -133.686913 5510000 
10 1000 -133.686913 5410000 
10 1000 -133.686913 4610000 
10 1000 -133.686913 6710000 
10 1000 -133.686913 7110000 
10 1000 -133.686913 6110000 
10 1000 -133.686913 5210000 
10 1000 -133.686913 5510000 
10 1000 -133.686913 5810000 
10 1000 -133.686913 5610000 
10 1000 -133.686913 5110000 
10 1000 -133.686913 6210000 
10 1000 -133.686913 4410000 
10 1000 -133.686913 4810000 
10 1000 -133.686913 5710000 
10 1000 -133.686913 6010000 
10 1000 -133.686913 4710000 
10 1000 -132.525326 7310000 
10 1000 -133.686913 4810000 
10 1000 -133.686913 5810000 
10 1000 -133.686913 4110000 
10 1000 -133.686913 5010000 
10 1000 -133.686913 5510000 
10 1000 -133.686913 6610000 
10 1000 -133.686913 5810000 
10 1000 -133.686913 6410000 
10 1000 -133.686913 6010000 
10 1000 -133.686913 4810000 
10 1000 -133.686913 6810000 
10 1000 -133.686913 6010000 
10 1000 -133.686913 4810000 
10 1000 -133.686913 5310000 
10 1000 -133.686913 5610000 
10 1000 -133.686913 6210000 
10 1000 -133.686913 5410000 
10 1000 -133.686913 5710000 
10 1000 -133.686913 5610000 
10 1000 -133.686913 5110000 
10 1000 -133.686913 6010000 
10 1000 -133.686913 6210000 
10 1000 -133.686913 6110000 
10 1000 -133.686913 6810000 
10 1000 -133.686913 4710000 
10 1000 -133.686913 7010000 
10 1000 -133.686913 5610000 
10 1000 -133.686913 6010000 
10 1000 -133.686913 5210000 
10 1000 -133.686913 4610000 
10 1000 -133.686913 5110000 
10 1000 -133.686913 5210000 
10 1000 -133.686913 4710000 
10 1000 -133.686913 4810000 
10 1000 -133.686913 4010000 
10 1000 -133.686913 5110000 
10 1000 -133.686913 4610000 
10 1000 -133.686913 5110000 
10 1000 -133.686913 5610000 
10 1000 -133.686913 5110000 
10 1000 -133.686913 6710000 
10 1000 -133.686913 5910000 
10 1000 -133.686913 4810000 
10 1000 -133.686913 5310000 
10 1000 -133.686913 5410000 
10 1000 -133.686913 6310000 
10 1000 -132.525326 6010000 
10 1000 -133.686913 5710000 
10 1000 -133.686913 4710000 
10 1000 -133.686913 5310000 
10 1000 -132.525326 6710000 
10 1000 -133.686913 6910000 
10 1000 -133.686913 5610000 
10 1000 -133.686913 6710000 
10 1000 -133.686913 6010000 
10 1000 -133.686913 6710000 
10 1000 -133.686913 6110000 
10 1000 -133.686913 6310000 
10 1000 -133.686913 5810000 
10 1000 -133.686913 4410000 
50 1000 -133.686913 10110000 
50 1000 -133.686913 8110000 
50 1000 -133.686913 7610000 
50 1000 -133.686913 6610000 
50 1000 -133.686913 8610000 
50 1000 -133.686913 8110000 
50 1000 -133.686913 7610000 
50 1000 -133.686913 6610000 
50 1000 -133.686913 6610000 
50 1000 -133.686913 8110000 
50 1000 -133.686913 8610000 
50 1000 -133.686913 7110000 
50 1000 -133.686913 8610000 
50 1000 -133.686913 7610000 
50 1000 -133.686913 8110000 
50 1000 -133.686913 8110000 
50 1000 -133.686913 8110000 
50 1000 -133.686913 6610000 
50 1000 -133.686913 7610000 
50 1000 -133.686913 6610000 
50 1000 -133.686913 7110000 
50 1000 -133.686913 9110000 
50 1000 -133.686913 8110000 
50 1000 -133.686913 6610000 
50 1000 -133.686913 7110000 
50 1000 -133.686913 6110000 
50 1000 -133.686913 7110000 
50 1000 -133.686913 8610000 
50 1000 -133.686913 7110000 
50 1000 -133.686913 7610000 
50 1000 -133.686913 7610000 
50 1000 -133.686913 9610000 
50 1000 -133.686913 7610000 
50 1000 -133.686913 7610000 
50 1000 -133.686913 6610000 
50 1000 -133.686913 8110000 
50 1000 -133.686913 8610000 
50 1000 -133.686913 7110000 
50 1000 -133.686913 7610000 
50 1000 -133.686913 8110000 
50 1000 -133.686913 9610000 
50 1000 -133.686913 9110000 
50 1000 -133.686913 6110000 
50 1000 -133.686913 8110000 
50 1000 -133.686913 7110000 
50 1000 -133.686913 7610000 
50 1000 -133.686913 8110000 
50 1000 -133.686913 9110000 
50 1000 -133.686913 9110000 
50 1000 -133.686913 7110000 
50 1000 -133.686913 5610000 
50 1000 -133.686913 7610000 
50 1000 -133.686913 8110000 
50 1000 -133.686913 9110000 
50 1000 -133.686913 6610000 
50 1000 -133.686913 6610000 
50 1000 -133.686913 7110000 
50 1000 -133.686913 6110000 
50 1000 -133.686913 7110000 
50 1000 -133.686913 7610000 
50 1000 -133.686913 7110000 
50 1000 -133.686913 7610000 
50 1000 -133.686913 6610000 
50 1000 -133.686913 7610000 
50 1000 -133.686913 9110000 
50 1000 -133.686913 8110000 
50 1000 -133.686913 7610000 
50 1000 -133.686913 6610000 
50 1000 -133.686913 7610000 
50 1000 -133.686913 9110000 
50 1000 -133.686913 9610000 
50 1000 -133.686913 6110000 
50 1000 -133.686913 8110000 
50 1000 -133.686913 7110000 
50 1000 -133.686913 8110000 
50 1000 -133.686913 8610000 
50 1000 -133.686913 5610000 
50 1000 -133.686913 8610000 
50 1000 -133.686913 8610000 
50 1000 -133.686913 7110000 
50 1000 -133.686913 7610000 
50 1000 -133.686913 6610000 
50 1000 -133.686913 6610000 
50 1000 -133.686913 6610000 
50 1000 -133.686913 9110000 
50 1000 -133.686913 8610000 
50 1000 -133.686913 6610000 
50 1000 -133.686913 9110000 
50 1000 -133.686913 8610000 
50 1000 -133.686913 8110000 
50 1000 -133.686913 7610000 
50 1000 -133.686913 9610000 
50 1000 -133.686913 8110000 
50 1000 -133.686913 7610000 
50 1000 -133.686913 7610000 
50 1000 -133.686913 5110000 
50 1000 -133.686913 9110000 
50 1000 -133.686913 8110000 
50 1000 -133.686913 9610000 
50 1000 -133.686913 8610000 
1000 100 -133.686913 11110000 
1000 100 -133.686913 11110000 
1000 100 -133.686913 10110000 
1000 100 -133.686913 10110000 
1000 100 -133.686913 7110000 
1000 100 -133.686913 10110000 
1000 100 -133.686913 9110000 
1000 100 -133.686913 8110000 
1000 100 -133.686913 9110000 
1000 100 -133.686913 10110000 
1000 100 -133.686913 11110000 
1000 100 -133.686913 8110000 
1000 100 -133.686913 10110000 
1000 100 -133.686913 8110000 
1000 100 -133.686913 9110000 
1000 100 -133.686913 10110000 
1000 100 -133.686913 10110000 
1000 100 -133.686913 10110000 
1000 100 -133.686913 9110000 
1000 100 -133.686913 9110000 
1000 100 -133.686913 10110000 
1000 100 -133.686913 9110000 
1000 100 -133.686913 10110000 
1000 100 -133.686913 9110000 
1000 100 -133.686913 10110000 
1000 100 -133.686913 9110000 
1000 100 -133.686913 9110000 
1000 100 -133.686913 9110000 
1000 100 -133.686913 10110000 
1000 100 -133.686913 8110000 
1000 100 -133.686913 9110000 
1000 100 -133.686913 9110000 
1000 100 -133.686913 9110000 
1000 100 -133.686913 9110000 
1000 100 -133.686913 10110000 
1000 100 -133.686913 9110000 
1000 100 -133.686913 9110000 
1000 100 -133.686913 8110000 
1000 100 -133.686913 9110000 
1000 100 -133.686913 10110000 
1000 100 -133.686913 10110000 
1000 100 -133.686913 10110000 
1000 100 -133.686913 9110000 
1000 100 -133.686913 11110000 
1000 100 -133.686913 8110000 
1000 100 -133.686913 8110000 
1000 100 -133.664760 9110000 
1000 100 -133.686913 10110000 
1000 100 -133.686913 9110000 
1000 100 -133.686913 9110000 
1000 100 -133.686913 10110000 
1000 100 -133.686913 10110000 
1000 100 -133.686913 9110000 
1000 100 -133.686913 8110000 
1000 100 -133.686913 10110000 
1000 100 -133.686913 10110000 
1000 100 -133.686913 9110000 
1000 100 -133.686913 10110000 
1000 100 -133.686913 9110000 
1000 100 -133.686913 10110000 
1000 100 -133.686913 10110000 
1000 100 -133.686913 10110000 
1000 100 -133.686913 7110000 
1000 100 -133.686913 9110000 
1000 100 -133.686913 10110000 
1000 100 -133.686913 10110000 
1000 100 -133.686913 8110000 
1000 100 -133.686913 9110000 
1000 100 -133.686913 7110000 
1000 100 -133.686913 10110000 
1000 100 -133.686913 9110000 
1000 100 -133.686913 9110000 
1000 100 -133.686913 10110000 
1000 100 -133.686913 11110000 
1000 100 -133.686913 9110000 
1000 100 -133.686913 8110000 
1000 100 -133.686913 9110000 
1000 100 -133.686913 10110000 
1000 100 -133.686913 9110000 
1000 100 -133.686913 10110000 
1000 100 -133.686913 10110000 
1000 100 -133.686913 8110000 
1000 100 -133.686913 9110000 
1000 100 -133.686913 10110000 
1000 100 -133.686913 10110000 
1000 100 -133.686913 10110000 
1000 100 -133.686913 9110000 
1000 100 -133.686913 11110000 
1000 100 -133.686913 9110000 
1000 100 -133.686913 9110000 
1000 100 -133.686913 8110000 
1000 100 -133.686913 9110000 
1000 100 -133.686913 11110000 
1000 100 -133.686913 11110000 
1000 100 -133.686913 10110000 
1000 100 -133.686913 10110000 
1000 100 -133.686913 9110000 
1000 100 -133.686913 8110000 
1000 100 -133.686913 10110000 
1000 100 -133.686913 9110000 
100 100 -133.686913 8210000 
100 100 -133.686913 10110000 
100 100 -133.686913 6910000 
100 100 -133.686913 8510000 
100 100 -133.686913 9210000 
100 100 -133.686913 8710000 
100 100 -133.686913 9410000 
100 100 -133.686913 8510000 
100 100 -133.686913 7710000 
100 100 -133.686913 8110000 
100 100 -133.664760 8710000 
100 100 -133.686913 8910000 
100 100 -132.525326 7510000 
100 100 -133.686913 7510000 
100 100 -133.686913 8710000 
100 100 -133.686913 9110000 
100 100 -133.686913 8610000 
100 100 -133.686913 7910000 
100 100 -133.686913 10210000 
100 100 -133.686913 9810000 
100 100 -133.686913 9210000 
100 100 -133.686913 8110000 
100 100 -133.686913 8610000 
100 100 -133.686913 8110000 
100 100 -133.686913 9310000 
100 100 -133.686913 9410000 
100 100 -133.686913 6310000 
100 100 -133.686913 7510000 
100 100 -133.686913 9210000 
100 100 -133.686913 8510000 
100 100 -133.686913 7310000 
100 100 -133.686913 8810000 
100 100 -133.686913 8610000 
100 100 -133.686913 9110000 
100 100 -133.686913 7910000 
100 100 -133.686913 8510000 
100 100 -133.686913 7810000 
100 100 -133.686913 7810000 
100 100 -133.686913 6210000 
100 100 -133.686913 10210000 
100 100 -133.686913 7910000 
100 100 -133.686913 8410000 
100 100 -133.686913 8110000 
100 100 -133.686913 8710000 
100 100 -133.686913 9110000 
100 100 -133.686913 6910000 
100 100 -133.686913 9310000 
100 100 -133.686913 8210000 
100 100 -133.686913 9010000 
100 100 -133.686913 8310000 
100 100 -133.686913 7110000 
100 100 -133.686913 5610000 
100 100 -133.686913 6810000 
100 100 -133.686913 8510000 
100 100 -133.686913 9110000 
100 100 -133.686913 7510000 
100 100 -133.686913 8610000 
100 100 -133.686913 8410000 
100 100 -133.686913 9710000 
100 100 -133.686913 8610000 
100 100 -133.686913 8210000 
100 100 -133.686913 8510000 
100 100 -133.686913 8910000 
100 100 -133.686913 7810000 
100 100 -133.686913 10210000 
100 100 -133.686913 8110000 
100 100 -133.686913 8310000 
100 100 -133.686913 7310000 
100 100 -133.686913 7810000 
100 100 -133.686913 7510000 
100 100 -133.686913 7710000 
100 100 -133.686913 9810000 
100 100 -133.686913 7010000 
100 100 -133.686913 7510000 
100 100 -133.686913 9310000 
100 100 -133.686913 7810000 
100 100 -133.686913 8910000 
100 100 -133.686913 7910000 
100 100 -133.686913 7510000 
100 100 -133.686913 9210000 
100 100 -133.686913 7910000 
100 100 -133.686913 8110000 
100 100 -133.686913 7810000 
100 100 -133.686913 7510000 
100 100 -133.686913 9210000 
100 100 -133.686913 8710000 
100 100 -133.686913 8210000 
100 100 -133.686913 8510000 
100 100 -133.686913 10810000 
100 100 -133.686913 8610000 
100 100 -133.686913 7110000 
100 100 -133.686913 8810000 
100 100 -133.686913 7710000 
100 100 -133.686913 8210000 
100 100 -133.686913 7810000 
100 100 -133.686913 8910000 
100 100 -133.686913 7310000 
100 100 -133.686913 8110000 
100 100 -133.686913 8010000 
100 100 -133.686913 9110000 
10 100 -133.686913 4740000 
10 100 -133.686913 6580000 
10 100 -133.686913 6900000 
10 100 -133.686913 6110000 
10 100 -133.686913 6200000 
10 100 -133.686913 6120000 
10 100 -132.525326 5740000 
10 100 -133.686913 5910000 
10 100 -133.686913 3600000 
10 100 -133.686913 6540000 
10 100 -133.686913 5130000 
10 100 -133.686913 5040000 
10 100 -133.686913 5640000 
10 100 -133.686913 5840000 
10 100 -133.686913 5980000 
10 100 -133.686913 4330000 
10 100 -133.686913 4210000 
10 100 -133.686913 5760000 
10 100 -133.686913 5360000 
10 100 -133.686913 5470000 
10 100 -133.686913 4270000 
10 100 -133.686913 7280000 
10 100 -133.686913 5470000 
10 100 -133.686913 5370000 
10 100 -133.686913 4050000 
10 100 -133.686913 6360000 
10 100 -133.686913 5090000 
10 100 -133.686913 3390000 
10 100 -133.686913 5850000 
10 100 -133.686913 5440000 
10 100 -133.686913 6360000 
10 100 -133.686913 5690000 
10 100 -133.686913 6760000 
10 100 -133.686913 4230000 
10 100 -133.686913 5960000 
10 100 -133.686913 5040000 
10 100 -133.686913 6150000 
10 100 -133.686913 6070000 
10 100 -133.686913 5780000 
10 100 -133.686913 5350000 
10 100 -132.525326 6830000 
10 100 -133.686913 7140000 
10 100 -133.686913 5690000 
10 100 -133.686913 6970000 
10 100 -133.686913 5570000 
10 100 -133.686913 6150000 
10 100 -133.686913 5110000 
10 100 -133.686913 6740000 
10 100 -133.686913 5810000 
10 100 -133.686913 6850000 
10 100 -133.686913 5280000 
10 100 -133.686913 6060000 
10 100 -133.686913 3960000 
10 100 -133.686913 5550000 
10 100 -133.686913 4670000 
10 100 -133.686913 5540000 
10 100 -133.686913 4300000 
10 100 -133.686913 5590000 
10 100 -133.686913 6030000 
10 100 -133.686913 6170000 
10 100 -132.525326 4970000 
10 100 -133.686913 5000000 
10 100 -132.525326 6570000 
10 100 -133.686913 5760000 
10 100 -133.686913 6300000 
10 100 -133.686913 6070000 
10 100 -133.686913 3690000 
10 100 -133.686913 5880000 
10 100 -133.686913 6130000 
10 100 -133.686913 3800000 
10 100 -133.686913 5510000 
10 100 -133.686913 4840000 
10 100 -133.686913 5620000 
10 100 -133.686913 6070000 
10 100 -133.686913 6470000 
10 100 -133.686913 6750000 
10 100 -133.686913 4130000 
10 100 -133.686913 6810000 
10 100 -133.686913 4220000 
10 100 -133.686913 3720000 
10 100 -133.686913 6040000 
10 100 -133.686913 6190000 
10 100 -133.686913 5750000 
10 100 -133.686913 5460000 
10 100 -133.686913 5840000 
10 100 -133.686913 5080000 
10 100 -133.686913 4990000 
10 100 -133.686913 5650000 
10 100 -133.686913 6120000 
10 100 -132.525326 7180000 
10 100 -133.686913 6960000 
10 100 -133.686913 3770000 
10 100 -133.686913 5970000 
10 100 -133.686913 6410000 
10 100 -133.686913 6550000 
10 100 -132.525326 6130000 
10 100 -133.686913 5640000 
10 100 -133.686913 5320000 
10 100 -133.686913 6280000 
10 100 -133.686913 5820000 
50 100 -133.686913 7860000 
50 100 -133.686913 6460000 
50 100 -133.686913 6860000 
50 100 -133.686913 9260000 
50 100 -133.686913 5510000 
50 100 -133.686913 7060000 
50 100 -133.686913 8060000 
50 100 -133.686913 7460000 
50 100 -133.686913 7610000 
50 100 -133.686913 8710000 
50 100 -133.686913 6910000 
50 100 -133.686913 7160000 
50 100 -133.686913 5810000 
50 100 -133.686913 6460000 
50 100 -133.686913 7210000 
50 100 -133.686913 7060000 
50 100 -133.686913 5910000 
50 100 -133.686913 8160000 
50 100 -133.686913 7860000 
50 100 -133.686913 4760000 
50 100 -133.686913 8460000 
50 100 -133.686913 8410000 
50 100 -133.686913 8960000 
50 100 -133.686913 9410000 
50 100 -133.686913 8510000 
50 100 -133.686913 7210000 
50 100 -133.686913 6960000 
50 100 -133.686913 6510000 
50 100 -133.686913 7510000 
50 100 -133.686913 8010000 
50 100 -133.686913 5560000 
50 100 -133.686913 9160000 
50 100 -133.686913 5910000 
50 100 -133.686913 7510000 
50 100 -133.686913 6310000 
50 100 -133.686913 6010000 
50 100 -133.686913 7810000 
50 100 -133.686913 7510000 
50 100 -133.686913 7160000 
50 100 -133.686913 6760000 
50 100 -133.686913 8910000 
50 100 -133.686913 8910000 
50 100 -133.686913 7110000 
50 100 -133.686913 7910000 
50 100 -133.686913 8210000 
50 100 -133.686913 7710000 
50 100 -133.686913 8810000 
50 100 -133.686913 7710000 
50 100 -133.686913 7410000 
50 100 -133.686913 8310000 
50 100 -133.686913 7410000 
50 100 -133.686913 8610000 
50 100 -133.686913 7960000 
50 100 -133.686913 8310000 
50 100 -133.686913 7560000 
50 100 -133.686913 7410000 
50 100 -133.686913 7160000 
50 100 -133.686913 7010000 
50 100 -133.686913 7610000 
50 100 -133.686913 6860000 
50 100 -133.686913 8260000 
50 100 -133.686913 4810000 
50 100 -133.686913 8410000 
50 100 -133.686913 8010000 
50 100 -133.686913 7060000 
50 100 -133.686913 8610000 
50 100 -133.686913 8210000 
50 100 -133.686913 8610000 
50 100 -133.686913 7710000 
50 100 -133.686913 5460000 
50 100 -133.686913 6960000 
50 100 -133.686913 7610000 
50 100 -133.686913 9510000 
50 100 -133.686913 7010000 
50 100 -133.686913 6310000 
50 100 -133.686913 7660000 
50 100 -133.686913 6410000 
50 100 -133.686913 7910000 
50 100 -133.686913 7610000 
50 100 -133.686913 7210000 
50 100 -133.686913 7460000 
50 100 -133.686913 6410000 
50 100 -133.686913 7910000 
50 100 -133.686913 7060000 
50 100 -133.686913 7110000 
50 100 -133.686913 5710000 
50 100 -133.686913 7710000 
50 100 -133.686913 8460000 
50 100 -133.686913 6260000 
50 100 -133.686913 8260000 
50 100 -133.686913 8760000 
50 100 -133.686913 6010000 
50 100 -133.686913 8560000 
50 100 -133.686913 8260000 
50 100 -133.686913 6910000 
50 100 -133.686913 8210000 
50 100 -133.686913 7560000 
50 100 -133.686913 7110000 
50 100 -133.686913 6960000 
50 100 -133.686913 7310000 
1000 10 -133.686913 8810000 
1000 10 -133.686913 10110000 
1000 10 -133.686913 7110000 
1000 10 -133.686913 9710000 
1000 10 -133.686913 9510000 
1000 10 -133.686913 8610000 
1000 10 -133.686913 9410000 
1000 10 -133.686913 8910000 
1000 10 -133.686913 8910000 
1000 10 -133.686913 8010000 
1000 10 -133.686913 6510000 
1000 10 -133.686913 8110000 
1000 10 -133.686913 9710000 
1000 10 -133.686913 10410000 
1000 10 -133.686913 7810000 
1000 10 -133.686913 9510000 
1000 10 -133.686913 9610000 
1000 10 -133.686913 8210000 
1000 10 -133.686913 10410000 
1000 10 -133.686913 8110000 
1000 10 -133.686913 10610000 
1000 10 -133.686913 9210000 
1000 10 -133.686913 8410000 
1000 10 -133.686913 8810000 
1000 10 -133.686913 8810000 
1000 10 -133.686913 7910000 
1000 10 -133.686913 8610000 
1000 10 -133.686913 10810000 
1000 10 -133.686913 7810000 
1000 10 -133.686913 9310000 
1000 10 -133.686913 8910000 
1000 10 -133.686913 9410000 
1000 10 -133.686913 8710000 
1000 10 -133.686913 9410000 
1000 10 -133.686913 8910000 
1000 10 -133.686913 9710000 
1000 10 -133.686913 6910000 
1000 10 -133.686913 8810000 
1000 10 -133.686913 10010000 
1000 10 -133.686913 10310000 
1000 10 -133.686913 10710000 
1000 10 -133.686913 9410000 
1000 10 -133.686913 9410000 
1000 10 -133.686913 9010000 
1000 10 -133.686913 8810000 
1000 10 -133.686913 7810000 
1000 10 -133.686913 9110000 
1000 10 -133.686913 8510000 
1000 10 -133.686913 8110000 
1000 10 -133.686913 7810000 
1000 10 -133.686913 9610000 
1000 10 -133.686913 8510000 
1000 10 -133.686913 8410000 
1000 10 -133.686913 9710000 
1000 10 -133.686913 9010000 
1000 10 -133.686913 8910000 
1000 10 -133.686913 9810000 
1000 10 -133.686913 8610000 
1000 10 -133.686913 8210000 
1000 10 -133.686913 8410000 
1000 10 -133.686913 9810000 
1000 10 -133.686913 10510000 
1000 10 -133.686913 9510000 
1000 10 -133.686913 8210000 
1000 10 -133.686913 8810000 
1000 10 -133.686913 9210000 
1000 10 -133.686913 8310000 
1000 10 -133.686913 9410000 
1000 10 -133.686913 10010000 
1000 10 -133.686913 6410000 
1000 10 -133.686913 10010000 
1000 10 -133.686913 9610000 
1000 10 -133.686913 9310000 
1000 10 -133.686913 9910000 
1000 10 -133.686913 9810000 
1000 10 -133.686913 10310000 
1000 10 -133.686913 9810000 
1000 10 -133.686913 8810000 
1000 10 -133.686913 8410000 
1000 10 -133.686913 10210000 
1000 10 -133.686913 7910000 
1000 10 -133.686913 9310000 
1000 10 -133.686913 10010000 
1000 10 -133.686913 9110000 
1000 10 -133.686913 9010000 
1000 10 -133.686913 9610000 
1000 10 -133.686913 8610000 
1000 10 -133.686913 5410000 
1000 10 -133.686913 8810000 
1000 10 -133.686913 9610000 
1000 10 -133.686913 7910000 
1000 10 -133.686913 6810000 
1000 10 -133.686913 10810000 
1000 10 -133.686913 9310000 
1000 10 -133.686913 8310000 
1000 10 -133.686913 7610000 
1000 10 -133.686913 8210000 
1000 10 -133.686913 8410000 
1000 10 -133.686913 8810000 
1000 10 -133.686913 9710000 
100 10 -133.686913 8080000 
100 10 -133.686913 9780000 
100 10 -133.686913 9580000 
100 10 -133.686913 8760000 
100 10 -133.686913 8200000 
100 10 -133.686913 5910000 
100 10 -133.686913 7550000 
100 10 -133.686913 8880000 
100 10 -133.686913 7030000 
100 10 -133.686913 8700000 
100 10 -133.686913 8090000 
100 10 -133.686913 9420000 
100 10 -133.686913 9420000 
100 10 -133.686913 8990000 
100 10 -133.686913 7890000 
100 10 -133.686913 8670000 
100 10 -133.686913 9650000 
100 10 -133.686913 9260000 
100 10 -133.686913 9510000 
100 10 -133.686913 8390000 
100 10 -133.686913 8130000 
100 10 -133.686913 7800000 
100 10 -133.686913 7970000 
100 10 -133.686913 9080000 
100 10 -133.686913 7100000 
100 10 -133.686913 9340000 
100 10 -133.686913 7990000 
100 10 -133.686913 7840000 
100 10 -133.686913 8290000 
100 10 -133.686913 9430000 
100 10 -133.686913 8650000 
100 10 -133.686913 7870000 
100 10 -133.686913 8790000 
100 10 -133.686913 8150000 
100 10 -133.686913 8240000 
100 10 -133.686913 7210000 
100 10 -133.686913 9530000 
100 10 -133.686913 8770000 
100 10 -133.686913 8000000 
100 10 -133.686913 9030000 
100 10 -133.686913 8900000 
100 10 -133.686913 7720000 
100 10 -133.686913 9730000 
100 10 -133.686913 8530000 
100 10 -133.686913 8690000 
100 10 -133.686913 8920000 
100 10 -133.686913 8210000 
100 10 -133.686913 8630000 
100 10 -133.686913 8710000 
100 10 -133.686913 9170000 
100 10 -133.686913 9340000 
100 10 -133.686913 6500000 
100 10 -133.686913 5790000 
100 10 -133.686913 8920000 
100 10 -133.686913 7730000 
100 10 -133.686913 9820000 
100 10 -133.686913 9320000 
100 10 -133.686913 6150000 
100 10 -133.686913 9640000 
100 10 -133.686913 9180000 
100 10 -133.686913 9220000 
100 10 -133.686913 8290000 
100 10 -133.686913 8820000 
100 10 -133.686913 8910000 
100 10 -133.686913 6970000 
100 10 -133.686913 8120000 
100 10 -133.686913 9290000 
100 10 -133.686913 7950000 
100 10 -133.686913 5750000 
100 10 -133.686913 8500000 
100 10 -133.686913 9340000 
100 10 -133.686913 8070000 
100 10 -133.686913 9580000 
100 10 -133.686913 8870000 
100 10 -133.686913 7900000 
100 10 -133.686913 7940000 
100 10 -133.686913 8530000 
100 10 -133.686913 9070000 
100 10 -133.686913 8050000 
100 10 -133.686913 10020000 
100 10 -133.686913 7070000 
100 10 -133.686913 8220000 
100 10 -133.686913 8540000 
100 10 -133.686913 8440000 
100 10 -133.686913 7380000 
100 10 -133.686913 8760000 
100 10 -133.686913 8050000 
100 10 -133.686913 8290000 
100 10 -133.686913 7140000 
100 10 -133.686913 7030000 
100 10 -133.686913 9180000 
100 10 -133.686913 8790000 
100 10 -133.686913 8570000 
100 10 -133.686913 10080000 
100 10 -133.686913 8200000 
100 10 -133.686913 8700000 
100 10 -133.686913 8060000 
100 10 -133.686913 8680000 
100 10 -133.686913 9270000 
100 10 -133.686913 8070000 
10 10 -133.686913 5243000 
10 10 -133.686913 6283000 
10 10 -133.686913 5154000 
10 10 -133.686913 5948000 
10 10 -133.686913 6979000 
10 10 -132.525326 6916000 
10 10 -133.686913 5674000 
10 10 -131.378824 5056000 
10 10 -133.686913 5745000 
10 10 -133.686913 4968000 
10 10 -133.686913 5913000 
10 10 -133.686913 5245000 
10 10 -133.686913 6221000 
10 10 -133.686913 6586000 
10 10 -133.686913 6198000 
10 10 -133.686913 5757000 
10 10 -133.686913 6147000 
10 10 -133.686913 6234000 
10 10 -133.686913 4714000 
10 10 -133.686913 5413000 
10 10 -133.686913 5943000 
10 10 -133.686913 7059000 
10 10 -133.686913 6697000 
10 10 -133.686913 5737000 
10 10 -133.686913 5761000 
10 10 -133.686913 5233000 
10 10 -133.686913 6709000 
10 10 -133.686913 5306000 
10 10 -133.686913 6553000 
10 10 -133.686913 5047000 
10 10 -133.686913 6545000 
10 10 -133.686913 6565000 
10 10 -133.686913 5949000 
10 10 -133.686913 6724000 
10 10 -133.686913 4384000 
10 10 -133.686913 7312000 
10 10 -133.686913 5884000 
10 10 -133.686913 6931000 
10 10 -133.686913 5638000 
10 10 -133.686913 5919000 
10 10 -133.686913 5230000 
10 10 -133.686913 6608000 
10 10 -133.686913 6127000 
10 10 -133.686913 6315000 
10 10 -133.686913 6727000 
10 10 -132.525326 4596000 
10 10 -133.686913 5632000 
10 10 -133.686913 6388000 
10 10 -133.686913 5187000 
10 10 -133.686913 5244000 
10 10 -133.686913 5278000 
10 10 -133.686913 5672000 
10 10 -133.686913 6730000 
10 10 -133.686913 5384000 
10 10 -133.686913 4808000 
10 10 -133.686913 6637000 
10 10 -133.686913 6375000 
10 10 -133.686913 5923000 
10 10 -133.686913 5089000 
10 10 -133.686913 5930000 
10 10 -133.686913 6032000 
10 10 -133.686913 5762000 
10 10 -133.686913 7179000 
10 10 -133.686913 6923000 
10 10 -133.686913 4178000 
10 10 -133.686913 5063000 
10 10 -132.525326 7577000 
10 10 -133.686913 5912000 
10 10 -133.686913 5584000 
10 10 -133.686913 6275000 
10 10 -133.686913 6748000 
10 10 -133.686913 5618000 
10 10 -133.686913 5481000 
10 10 -133.686913 6185000 
10 10 -133.686913 6486000 
10 10 -133.686913 5459000 
10 10 -133.686913 5700000 
10 10 -133.686913 5687000 
10 10 -133.686913 6349000 
10 10 -133.686913 2950000 
10 10 -133.686913 5697000 
10 10 -133.686913 6398000 
10 10 -133.686913 6548000 
10 10 -133.686913 6194000 
10 10 -133.686913 5495000 
10 10 -133.686913 6628000 
10 10 -133.686913 6195000 
10 10 -133.686913 5914000 
10 10 -133.686913 5207000 
10 10 -133.686913 6253000 
10 10 -133.686913 5304000 
10 10 -133.686913 7133000 
10 10 -133.686913 4773000 
10 10 -133.686913 6051000 
10 10 -133.686913 6001000 
10 10 -133.686913 6525000 
10 10 -133.686913 6028000 
10 10 -133.686913 6470000 
10 10 -133.686913 5245000 
10 10 -133.686913 3884000 
50 10 -133.686913 8930000 
50 10 -133.686913 8600000 
50 10 -133.686913 8065000 
50 10 -133.686913 6880000 
50 10 -133.686913 6385000 
50 10 -133.686913 9060000 
50 10 -133.686913 6575000 
50 10 -133.686913 7275000 
50 10 -133.686913 6075000 
50 10 -133.686913 7090000 
50 10 -133.686913 8410000 
50 10 -133.686913 8825000 
50 10 -133.686913 8470000 
50 10 -133.686913 8175000 
50 10 -133.664760 5640000 
50 10 -133.686913 9490000 
50 10 -133.686913 7945000 
50 10 -133.686913 6000000 
50 10 -133.686913 7665000 
50 10 -133.686913 8515000 
50 10 -133.686913 8345000 
50 10 -133.686913 7210000 
50 10 -133.686913 6560000 
50 10 -133.686913 8935000 
50 10 -133.686913 7595000 
50 10 -133.686913 5230000 
50 10 -133.686913 6285000 
50 10 -133.686913 7620000 
50 10 -133.686913 8380000 
50 10 -133.686913 8400000 
50 10 -133.686913 8525000 
50 10 -133.686913 8040000 
50 10 -133.686913 8150000 
50 10 -133.686913 8230000 
50 10 -133.686913 7595000 
50 10 -133.686913 8630000 
50 10 -133.686913 7780000 
50 10 -133.686913 6490000 
50 10 -133.686913 8135000 
50 10 -133.686913 6900000 
50 10 -133.686913 6925000 
50 10 -133.686913 6605000 
50 10 -133.686913 7335000 
50 10 -133.686913 5875000 
50 10 -133.686913 7885000 
50 10 -133.686913 8430000 
50 10 -133.686913 6455000 
50 10 -133.686913 8645000 
50 10 -133.686913 7210000 
50 10 -133.686913 6640000 
50 10 -133.686913 7320000 
50 10 -133.686913 7710000 
50 10 -133.686913 7075000 
50 10 -133.686913 8140000 
50 10 -133.686913 7165000 
50 10 -133.686913 7710000 
50 10 -133.686913 8245000 
50 10 -133.686913 6845000 
50 10 -133.686913 7995000 
50 10 -133.686913 8145000 
50 10 -133.686913 7850000 
50 10 -133.686913 7860000 
50 10 -133.686913 7825000 
50 10 -133.686913 6330000 
50 10 -133.686913 7685000 
50 10 -133.686913 8045000 
50 10 -133.686913 8860000 
50 10 -133.686913 7485000 
50 10 -133.686913 7690000 
50 10 -133.686913 7635000 
50 10 -133.686913 8050000 
50 10 -133.686913 8810000 
50 10 -133.686913 8235000 
50 10 -133.686913 8755000 
50 10 -133.686913 7440000 
50 10 -133.686913 6145000 
50 10 -133.686913 8480000 
50 10 -133.686913 8605000 
50 10 -133.686913 7465000 
50 10 -133.686913 6485000 
50 10 -133.686913 6310000 
50 10 -133.686913 8155000 
50 10 -133.686913 8115000 
50 10 -133.686913 6570000 
50 10 -133.686913 8065000 
50 10 -133.686913 6575000 
50 10 -133.686913 8765000 
50 10 -133.686913 6685000 
50 10 -133.686913 10020000 
50 10 -133.686913 8155000 
50 10 -133.686913 6795000 
50 10 -133.686913 7005000 
50 10 -133.686913 7990000 
50 10 -133.686913 7105000 
50 10 -133.686913 6615000 
50 10 -133.686913 8255000 
50 10 -133.686913 9185000 
50 10 -133.686913 8185000 
50 10 -133.686913 7325000 
50 10 -133.686913 7535000 
1000 50 -133.686913 8610000 
1000 50 -133.686913 8110000 
1000 50 -133.686913 10110000 
1000 50 -133.686913 8610000 
1000 50 -133.686913 10110000 
1000 50 -133.686913 9110000 
1000 50 -133.686913 10110000 
1000 50 -133.686913 9110000 
1000 50 -133.686913 8610000 
1000 50 -133.686913 9110000 
1000 50 -133.686913 8610000 
1000 50 -133.686913 9610000 
1000 50 -133.686913 8610000 
1000 50 -133.686913 9110000 
1000 50 -133.686913 10110000 
1000 50 -133.686913 9610000 
1000 50 -133.686913 9610000 
1000 50 -133.686913 9110000 
1000 50 -133.686913 10610000 
1000 50 -133.686913 9110000 
1000 50 -133.686913 10110000 
1000 50 -133.686913 10110000 
1000 50 -133.686913 10610000 
1000 50 -133.686913 10110000 
1000 50 -133.686913 7610000 
1000 50 -133.686913 9110000 
1000 50 -133.686913 10110000 
1000 50 -133.686913 9610000 
1000 50 -133.686913 9110000 
1000 50 -133.686913 8110000 
1000 50 -133.686913 11110000 
1000 50 -133.686913 10110000 
1000 50 -133.686913 9610000 
1000 50 -133.686913 8110000 
1000 50 -133.686913 9110000 
1000 50 -133.686913 9610000 
1000 50 -133.686913 10610000 
1000 50 -133.686913 10110000 
1000 50 -133.686913 7110000 
1000 50 -133.686913 9110000 
1000 50 -133.686913 7610000 
1000 50 -133.686913 9610000 
1000 50 -133.686913 10110000 
1000 50 -133.686913 11110000 
1000 50 -133.686913 10610000 
1000 50 -133.686913 8610000 
1000 50 -133.686913 9110000 
1000 50 -133.686913 9610000 
1000 50 -133.686913 10110000 
1000 50 -133.686913 10110000 
1000 50 -133.686913 10110000 
1000 50 -133.686913 9110000 
1000 50 -133.686913 8610000 
1000 50 -133.686913 9610000 
1000 50 -133.686913 8110000 
1000 50 -133.686913 8110000 
1000 50 -133.686913 11110000 
1000 50 -133.686913 9610000 
1000 50 -133.686913 10110000 
1000 50 -133.686913 8610000 
1000 50 -133.686913 6110000 
1000 50 -133.686913 7110000 
1000 50 -133.686913 7110000 
1000 50 -133.686913 8110000 
1000 50 -133.686913 9610000 
1000 50 -133.686913 9610000 
1000 50 -133.686913 9610000 
1000 50 -133.686913 10110000 
1000 50 -133.686913 9110000 
1000 50 -133.686913 10110000 
1000 50 -133.686913 10610000 
1000 50 -133.686913 8110000 
1000 50 -133.686913 10110000 
1000 50 -133.686913 7610000 
1000 50 -133.686913 9110000 
1000 50 -133.686913 8610000 
1000 50 -133.686913 9110000 
1000 50 -133.686913 9610000 
1000 50 -133.686913 7610000 
1000 50 -133.686913 8610000 
1000 50 -133.686913 7110000 
1000 50 -133.686913 10110000 
1000 50 -133.686913 10110000 
1000 50 -133.686913 10110000 
1000 50 -133.686913 10110000 
1000 50 -133.686913 9110000 
1000 50 -133.686913 10110000 
1000 50 -133.686913 10610000 
1000 50 -133.686913 9110000 
1000 50 -133.686913 10610000 
1000 50 -133.686913 8610000 
1000 50 -133.686913 8610000 
1000 50 -133.686913 8610000 
1000 50 -133.686913 8110000 
1000 50 -133.686913 10110000 
1000 50 -133.686913 8610000 
1000 50 -133.686913 7610000 
1000 50 -133.686913 9610000 
1000 50 -133.686913 9610000 
1000 50 -133.686913 9610000 
100 50 -133.686913 7660000 
100 50 -132.525326 6560000 
100 50 -133.686913 9160000 
100 50 -133.686913 9710000 
100 50 -133.686913 8110000 
100 50 -133.686913 7860000 
100 50 -133.686913 7660000 
100 50 -133.686913 7560000 
100 50 -133.686913 7810000 
100 50 -133.686913 7510000 
100 50 -133.686913 9060000 
100 50 -133.686913 8310000 
100 50 -133.686913 8410000 
100 50 -133.686913 7260000 
100 50 -133.686913 9010000 
100 50 -133.686913 8260000 
100 50 -133.686913 7810000 
100 50 -133.686913 8560000 
100 50 -133.686913 8860000 
100 50 -133.686913 9160000 
100 50 -133.686913 8660000 
100 50 -133.686913 7310000 
100 50 -133.686913 6960000 
100 50 -133.686913 8810000 
100 50 -133.686913 8460000 
100 50 -133.686913 8360000 
100 50 -133.686913 7910000 
100 50 -133.686913 5310000 
100 50 -133.686913 8060000 
100 50 -133.686913 7060000 
100 50 -133.686913 7810000 
100 50 -133.686913 9060000 
100 50 -133.686913 7710000 
100 50 -133.686913 9210000 
100 50 -133.686913 6910000 
100 50 -133.686913 8110000 
100 50 -133.686913 7560000 
100 50 -133.686913 7260000 
100 50 -133.686913 8510000 
100 50 -133.686913 9560000 
100 50 -133.686913 6960000 
100 50 -133.686913 8410000 
100 50 -133.686913 7760000 
100 50 -133.686913 9960000 
100 50 -133.686913 8660000 
100 50 -133.664760 6360000 
100 50 -133.686913 9110000 
100 50 -133.686913 7510000 
100 50 -133.686913 6960000 
100 50 -133.686913 6260000 
100 50 -133.686913 7810000 
100 50 -133.686913 6810000 
100 50 -133.686913 9360000 
100 50 -133.686913 8160000 
100 50 -133.686913 9110000 
100 50 -133.686913 7960000 
100 50 -133.686913 8060000 
100 50 -133.686913 9060000 
100 50 -133.686913 8110000 
100 50 -133.686913 8760000 
100 50 -133.686913 8510000 
100 50 -133.686913 5310000 
100 50 -133.686913 8310000 
100 50 -133.686913 7210000 
100 50 -133.686913 8310000 
100 50 -133.686913 8410000 
100 50 -133.686913 6860000 
100 50 -133.686913 9410000 
100 50 -133.686913 8710000 
100 50 -133.686913 8710000 
100 50 -133.686913 8160000 
100 50 -133.686913 9860000 
100 50 -133.686913 7360000 
100 50 -133.686913 8660000 
100 50 -133.686913 8360000 
100 50 -133.686913 7810000 
100 50 -133.686913 8110000 
100 50 -133.686913 8560000 
100 50 -133.686913 5910000 
100 50 -133.686913 7910000 
100 50 -133.686913 9460000 
100 50 -133.686913 8560000 
100 50 -133.686913 8460000 
100 50 -133.686913 8060000 
100 50 -133.686913 8660000 
100 50 -133.686913 7560000 
100 50 -133.686913 6110000 
100 50 -133.686913 7960000 
100 50 -133.686913 8760000 
100 50 -133.686913 8360000 
100 50 -133.686913 8260000 
100 50 -133.686913 9360000 
100 50 -133.686913 9460000 
100 50 -133.686913 8610000 
100 50 -133.686913 7410000 
100 50 -133.686913 9610000 
100 50 -133.686913 6860000 
100 50 -133.686913 8660000 
100 50 -133.686913 6510000 
100 50 -133.686913 8160000 
10 50 -133.686913 6520000 
10 50 -133.686913 5110000 
10 50 -133.686913 3660000 
10 50 -133.686913 6060000 
10 50 -133.686913 6915000 
10 50 -133.686913 5570000 
10 50 -133.686913 5990000 
10 50 -133.686913 6095000 
10 50 -133.686913 5300000 
10 50 -133.686913 6705000 
10 50 -132.525326 6495000 
10 50 -133.686913 5895000 
10 50 -133.686913 5410000 
10 50 -133.686913 6850000 
10 50 -133.686913 4525000 
10 50 -133.686913 5945000 
10 50 -133.686913 5730000 
10 50 -133.686913 5700000 
10 50 -133.686913 6765000 
10 50 -133.686913 5825000 
10 50 -133.686913 4880000 
10 50 -133.686913 4515000 
10 50 -133.686913 5775000 
10 50 -133.686913 5895000 
10 50 -133.686913 6475000 
10 50 -133.686913 5010000 
10 50 -133.686913 5785000 
10 50 -133.686913 5755000 
10 50 -133.686913 5745000 
10 50 -133.686913 4010000 
10 50 -132.525326 7260000 
10 50 -133.686913 7245000 
10 50 -133.686913 5570000 
10 50 -133.686913 4690000 
10 50 -133.686913 5565000 
10 50 -133.686913 6115000 
10 50 -133.686913 6360000 
10 50 -133.686913 6525000 
10 50 -133.686913 4335000 
10 50 -133.686913 6595000 
10 50 -133.686913 6245000 
10 50 -133.686913 6000000 
10 50 -133.686913 3650000 
10 50 -133.686913 4690000 
10 50 -133.686913 5290000 
10 50 -133.686913 3510000 
10 50 -133.686913 6155000 
10 50 -133.686913 4945000 
10 50 -133.686913 6685000 
10 50 -133.686913 5445000 
10 50 -133.686913 6550000 
10 50 -133.686913 5840000 
10 50 -133.686913 5785000 
10 50 -133.686913 3850000 
10 50 -133.686913 4355000 
10 50 -133.686913 4355000 
10 50 -133.686913 6790000 
10 50 -133.686913 6445000 
10 50 -133.686913 5510000 
10 50 -133.686913 5740000 
10 50 -133.686913 6825000 
10 50 -133.686913 6115000 
10 50 -133.686913 5180000 
10 50 -132.525326 7095000 
10 50 -133.686913 5670000 
10 50 -133.686913 6350000 
10 50 -132.525326 6735000 
10 50 -133.686913 6215000 
10 50 -133.686913 5955000 
10 50 -133.686913 5990000 
10 50 -133.686913 3975000 
10 50 -133.686913 5685000 
10 50 -133.686913 5230000 
10 50 -133.686913 5605000 
10 50 -133.686913 7275000 
10 50 -132.525326 7015000 
10 50 -133.686913 6690000 
10 50 -133.686913 6820000 
10 50 -133.686913 6950000 
10 50 -133.686913 6575000 
10 50 -133.686913 5215000 
10 50 -133.686913 6375000 
10 50 -133.686913 4045000 
10 50 -133.686913 5845000 
10 50 -133.686913 6260000 
10 50 -133.686913 6570000 
10 50 -133.686913 6125000 
10 50 -133.686913 5335000 
10 50 -133.686913 6515000 
10 50 -133.686913 5295000 
10 50 -133.686913 4580000 
10 50 -133.686913 5745000 
10 50 -133.686913 6150000 
10 50 -133.686913 4555000 
10 50 -133.686913 5545000 
10 50 -133.686913 6435000 
10 50 -133.686913 5200000 
10 50 -133.686913 5620000 
10 50 -133.686913 4080000 
10 50 -133.686913 5345000 
50 50 -133.686913 7560000 
50 50 -133.686913 7510000 
50 50 -133.686913 6985000 
50 50 -133.686913 8335000 
50 50 -133.686913 7035000 
50 50 -133.686913 6960000 
50 50 -133.686913 9235000 
50 50 -133.686913 6460000 
50 50 -133.686913 7260000 
50 50 -133.686913 7585000 
50 50 -133.686913 6910000 
50 50 -133.686913 7285000 
50 50 -133.686913 8710000 
50 50 -133.686913 8510000 
50 50 -133.686913 7860000 
50 50 -133.686913 8710000 
50 50 -133.686913 8110000 
50 50 -133.686913 7460000 
50 50 -133.686913 6685000 
50 50 -133.686913 7710000 
50 50 -133.686913 8935000 
50 50 -133.686913 6160000 
50 50 -133.686913 6910000 
50 50 -133.686913 8110000 
50 50 -133.686913 6310000 
50 50 -133.686913 8085000 
50 50 -133.686913 7835000 
50 50 -133.686913 8610000 
50 50 -133.686913 8285000 
50 50 -133.686913 7285000 
50 50 -133.686913 7485000 
50 50 -133.686913 5635000 
50 50 -133.686913 5960000 
50 50 -133.686913 8210000 
50 50 -133.686913 7510000 
50 50 -133.686913 7635000 
50 50 -133.686913 6760000 
50 50 -133.686913 6985000 
50 50 -133.686913 6935000 
50 50 -133.686913 7360000 
50 50 -133.686913 9235000 
50 50 -133.686913 6110000 
50 50 -133.686913 8210000 
50 50 -133.686913 6210000 
50 50 -133.686913 6510000 
50 50 -133.686913 8410000 
50 50 -133.686913 7235000 
50 50 -133.686913 6810000 
50 50 -133.686913 8060000 
50 50 -133.686913 6660000 
50 50 -133.686913 7585000 
50 50 -133.686913 7785000 
50 50 -133.686913 9185000 
50 50 -133.686913 7110000 
50 50 -133.686913 7760000 
50 50 -133.686913 8560000 
50 50 -133.686913 7460000 
50 50 -133.686913 8535000 
50 50 -133.686913 8060000 
50 50 -133.686913 8560000 
50 50 -133.686913 7385000 
50 50 -133.686913 8935000 
50 50 -133.686913 7660000 
50 50 -133.686913 8585000 
50 50 -133.686913 8885000 
50 50 -133.686913 5210000 
50 50 -133.686913 7360000 
50 50 -133.686913 7360000 
50 50 -133.686913 8910000 
50 50 -133.686913 5910000 
50 50 -133.686913 7385000 
50 50 -133.686913 7260000 
50 50 -133.686913 6135000 
50 50 -133.686913 6760000 
50 50 -133.686913 7385000 
50 50 -133.686913 9860000 
50 50 -133.686913 7735000 
50 50 -133.686913 8360000 
50 50 -133.686913 7235000 
50 50 -133.686913 8535000 
50 50 -133.686913 8235000 
50 50 -133.686913 8485000 
50 50 -133.686913 8310000 
50 50 -133.686913 7910000 
50 50 -133.686913 7360000 
50 50 -133.686913 7185000 
50 50 -133.686913 6410000 
50 50 -133.686913 5835000 
50 50 -133.686913 6960000 
50 50 -133.686913 7410000 
50 50 -133.686913 7810000 
50 50 -133.686913 8260000 
50 50 -133.686913 8035000 
50 50 -133.686913 7485000 
50 50 -133.686913 8360000 
50 50 -133.686913 9085000 
50 50 -133.686913 7785000 
50 50 -133.686913 7885000 
50 50 -133.686913 7660000 
50 50 -133.686913 8085000 
