m_0 m_1 E I
1000 1000 14406.118192 40105000 
1000 1000 14382.995933 40105000 
1000 1000 14382.995933 40105000 
1000 1000 14406.118192 40105000 
1000 1000 14382.995933 40105000 
1000 1000 14382.995933 40105000 
1000 1000 14382.995933 40105000 
1000 1000 14382.995933 40105000 
1000 1000 14497.681915 40105000 
1000 1000 14382.995933 40105000 
1000 1000 14464.031655 40105000 
1000 1000 14382.995933 40105000 
1000 1000 14406.118192 40105000 
1000 1000 14382.995933 40105000 
1000 1000 14382.995933 40105000 
1000 1000 14440.909396 40105000 
1000 1000 14382.995933 40105000 
1000 1000 14382.995933 40105000 
1000 1000 14382.995933 40105000 
1000 1000 14382.995933 40105000 
1000 1000 14406.118192 40105000 
1000 1000 14382.995933 40105000 
1000 1000 14382.995933 40105000 
1000 1000 14497.681915 40105000 
1000 1000 14382.995933 40105000 
1000 1000 14566.562533 40105000 
1000 1000 14488.541128 40105000 
1000 1000 14406.118192 40105000 
1000 1000 14382.995933 40105000 
1000 1000 14382.995933 40105000 
1000 1000 14382.995933 40105000 
1000 1000 14382.995933 40105000 
1000 1000 14440.909396 40105000 
1000 1000 14482.310162 40105000 
1000 1000 14382.995933 40105000 
1000 1000 14382.995933 40105000 
1000 1000 14382.995933 40105000 
1000 1000 14406.118192 40105000 
1000 1000 14406.118192 40105000 
1000 1000 14382.995933 40105000 
100 1000 14497.681915 28605000 
100 1000 14441.793244 28605000 
100 1000 14406.118192 29605000 
100 1000 15343.552896 32105000 
100 1000 14382.995933 28605000 
100 1000 15161.627857 30105000 
100 1000 14382.995933 29105000 
100 1000 15409.468464 31105000 
100 1000 14464.915503 28105000 
100 1000 15018.285592 30605000 
100 1000 14619.749558 28105000 
100 1000 14512.882832 30105000 
100 1000 14495.584584 28605000 
100 1000 14382.995933 29105000 
100 1000 14382.995933 29105000 
100 1000 14382.995933 29605000 
100 1000 14478.648221 29105000 
100 1000 14531.890269 29105000 
100 1000 14406.118192 29605000 
100 1000 14519.026059 28605000 
100 1000 14736.673827 31105000 
100 1000 14464.915503 28105000 
100 1000 14440.909396 29605000 
100 1000 15028.707342 30605000 
100 1000 14441.793244 28605000 
100 1000 14512.882832 30605000 
100 1000 14487.678691 30105000 
100 1000 14406.118192 28105000 
100 1000 14595.588419 31105000 
100 1000 15124.853067 31105000 
100 1000 14519.327920 29105000 
100 1000 14560.952248 28605000 
100 1000 14547.347306 29605000 
100 1000 14441.793244 27605000 
100 1000 15146.697594 28605000 
100 1000 14440.909396 29605000 
100 1000 15013.752979 29105000 
100 1000 14382.995933 29605000 
100 1000 14406.118192 29105000 
100 1000 14382.995933 29605000 
10 1000 14441.793244 19155000 
10 1000 15038.309724 18955000 
10 1000 15355.633685 20505000 
10 1000 14990.715681 19905000 
10 1000 14581.580907 18905000 
10 1000 15678.170198 19455000 
10 1000 16007.235280 22305000 
10 1000 15369.634872 22255000 
10 1000 15140.855062 21555000 
10 1000 14406.118192 19655000 
10 1000 14382.995933 19755000 
10 1000 15078.140776 19905000 
10 1000 15373.302488 21105000 
10 1000 15188.348818 19255000 
10 1000 14493.788172 20655000 
10 1000 14988.320742 20405000 
10 1000 14645.273994 20455000 
10 1000 15410.388100 21855000 
10 1000 14382.995933 20155000 
10 1000 15705.267656 19855000 
10 1000 14382.995933 19755000 
10 1000 15710.200116 21255000 
10 1000 14520.804174 19305000 
10 1000 15187.030860 20405000 
10 1000 15428.535850 21655000 
10 1000 15051.905436 21105000 
10 1000 15307.975306 21255000 
10 1000 15026.723319 20805000 
10 1000 15535.043289 21205000 
10 1000 15045.111027 20905000 
10 1000 15115.797759 19805000 
10 1000 16039.936417 20705000 
10 1000 15063.501367 20255000 
10 1000 15490.116192 20655000 
10 1000 14443.223295 19355000 
10 1000 14440.909396 18905000 
10 1000 15143.225438 21655000 
10 1000 15001.548210 19505000 
10 1000 15081.734995 19505000 
10 1000 15685.689763 20005000 
50 1000 14382.995933 26105000 
50 1000 14382.995933 26105000 
50 1000 15026.742632 27355000 
50 1000 14382.995933 26355000 
50 1000 14382.995933 26105000 
50 1000 14464.031655 25605000 
50 1000 14382.995933 25855000 
50 1000 14440.909396 24605000 
50 1000 15151.927512 28105000 
50 1000 14382.995933 25855000 
50 1000 14441.793244 25855000 
50 1000 15021.054987 26355000 
50 1000 14460.228748 25355000 
50 1000 14406.118192 25105000 
50 1000 15195.298173 26855000 
50 1000 14558.363143 26605000 
50 1000 14510.242203 26355000 
50 1000 15011.662339 25855000 
50 1000 14382.995933 25105000 
50 1000 14441.793244 25355000 
50 1000 14382.995933 26105000 
50 1000 14464.915503 25855000 
50 1000 15520.316466 26355000 
50 1000 14406.118192 26105000 
50 1000 14382.995933 26355000 
50 1000 14933.756076 27105000 
50 1000 14974.639399 26605000 
50 1000 14382.995933 24605000 
50 1000 15091.827452 24855000 
50 1000 14406.118192 26105000 
50 1000 14382.995933 25855000 
50 1000 14487.678691 27355000 
50 1000 14549.509255 28105000 
50 1000 14429.075097 25855000 
50 1000 14856.592406 24855000 
50 1000 15082.595340 27105000 
50 1000 15335.518926 26105000 
50 1000 14549.509255 28105000 
50 1000 14406.118192 25105000 
50 1000 14382.995933 26605000 
1000 100 14478.648221 39605000 
1000 100 14382.995933 39605000 
1000 100 14440.909396 39605000 
1000 100 14464.031655 39605000 
1000 100 14406.118192 39105000 
1000 100 14633.562446 38605000 
1000 100 14443.223295 39605000 
1000 100 14464.915503 38605000 
1000 100 14406.118192 40105000 
1000 100 14382.995933 39605000 
1000 100 14441.793244 39105000 
1000 100 14382.995933 40105000 
1000 100 14440.909396 39105000 
1000 100 14382.995933 39105000 
1000 100 14382.995933 40105000 
1000 100 14382.995933 39605000 
1000 100 14441.793244 38605000 
1000 100 14382.995933 40105000 
1000 100 14382.995933 39605000 
1000 100 14406.118192 39605000 
1000 100 14406.118192 39605000 
1000 100 14464.915503 39105000 
1000 100 14382.995933 40105000 
1000 100 14440.909396 38605000 
1000 100 14382.995933 39605000 
1000 100 14382.995933 40105000 
1000 100 14382.995933 39605000 
1000 100 14382.995933 39605000 
1000 100 14382.995933 39605000 
1000 100 14382.995933 39605000 
1000 100 14382.995933 39105000 
1000 100 14382.995933 39605000 
1000 100 14382.995933 39605000 
1000 100 14382.995933 38605000 
1000 100 14382.995933 39605000 
1000 100 14382.995933 39605000 
1000 100 14406.118192 40605000 
1000 100 14382.995933 39105000 
1000 100 14536.561684 39605000 
1000 100 14382.995933 39605000 
100 100 14441.793244 28305000 
100 100 15025.996411 30855000 
100 100 14382.995933 29205000 
100 100 15049.408823 30455000 
100 100 15244.426876 29855000 
100 100 15139.779299 29155000 
100 100 14382.995933 29805000 
100 100 14382.995933 29155000 
100 100 14441.793244 28855000 
100 100 14516.910431 29005000 
100 100 15026.742632 30655000 
100 100 15088.009199 28855000 
100 100 14420.101037 29855000 
100 100 15057.063557 30455000 
100 100 15220.627899 29455000 
100 100 14406.118192 28655000 
100 100 14406.118192 28205000 
100 100 14596.908936 29855000 
100 100 14439.702605 28755000 
100 100 14382.995933 29355000 
100 100 14464.915503 27905000 
100 100 14441.793244 28055000 
100 100 14526.449336 29005000 
100 100 15033.436710 28855000 
100 100 14382.995933 29255000 
100 100 14382.995933 28055000 
100 100 15251.266906 29405000 
100 100 14525.022661 28855000 
100 100 14382.995933 28755000 
100 100 14406.118192 29305000 
100 100 14574.823894 29055000 
100 100 14406.118192 29505000 
100 100 14406.118192 28705000 
100 100 14578.125231 28605000 
100 100 14500.888641 28705000 
100 100 14420.101037 28855000 
100 100 14441.793244 28755000 
100 100 14610.187938 29155000 
100 100 14441.793244 28505000 
100 100 14382.995933 29205000 
10 100 14382.995933 20110000 
10 100 15806.763933 20140000 
10 100 15277.116610 20545000 
10 100 15368.173384 21990000 
10 100 14954.955668 19965000 
10 100 15348.694253 20800000 
10 100 15339.724256 21070000 
10 100 15133.158855 21970000 
10 100 14554.015534 20495000 
10 100 15427.782868 20180000 
10 100 15053.960644 20085000 
10 100 15439.573800 22970000 
10 100 15105.991003 22205000 
10 100 15746.271846 21255000 
10 100 15494.718446 21415000 
10 100 15426.874549 20785000 
10 100 14440.909396 19535000 
10 100 14605.043247 20980000 
10 100 15169.241632 21195000 
10 100 15059.108753 21755000 
10 100 14406.118192 19560000 
10 100 14406.118192 20115000 
10 100 15023.183525 21030000 
10 100 15630.643585 20305000 
10 100 15084.381943 19435000 
10 100 14382.995933 20060000 
10 100 15100.454944 21565000 
10 100 14685.843164 20585000 
10 100 14443.223295 20580000 
10 100 15082.595340 20370000 
10 100 14510.242203 19880000 
10 100 14406.118192 19885000 
10 100 14382.995933 20115000 
10 100 15052.914086 18780000 
10 100 14816.141815 19695000 
10 100 16554.636912 19875000 
10 100 15777.694874 21720000 
10 100 14882.937149 20150000 
10 100 14969.535449 20440000 
10 100 14935.539998 21730000 
50 100 14441.793244 25105000 
50 100 14406.118192 25180000 
50 100 14631.318247 26655000 
50 100 14406.118192 25530000 
50 100 14406.118192 24880000 
50 100 14382.995933 25230000 
50 100 14594.989566 28455000 
50 100 15069.416599 26230000 
50 100 15293.400299 26155000 
50 100 14382.995933 26705000 
50 100 15123.314943 25805000 
50 100 14382.995933 26230000 
50 100 15071.447399 27555000 
50 100 14497.681915 25780000 
50 100 14487.678691 26630000 
50 100 14969.494020 25380000 
50 100 14440.909396 24505000 
50 100 14816.141815 26405000 
50 100 14519.327920 25980000 
50 100 15115.865862 25555000 
50 100 14460.228748 25005000 
50 100 15199.116629 27130000 
50 100 15045.107102 25355000 
50 100 15451.198391 28705000 
50 100 14382.995933 26655000 
50 100 14516.910431 26055000 
50 100 14406.118192 25630000 
50 100 15213.885166 28280000 
50 100 14579.601485 25480000 
50 100 14440.909396 25755000 
50 100 14406.118192 25355000 
50 100 14573.709996 26055000 
50 100 14420.101037 26555000 
50 100 14968.157429 26080000 
50 100 14406.118192 25330000 
50 100 14406.118192 25655000 
50 100 14382.995933 26005000 
50 100 14441.793244 25530000 
50 100 14439.702605 26105000 
50 100 14512.882832 26255000 
1000 10 14382.995933 39055000 
1000 10 14501.770480 39605000 
1000 10 14382.995933 39555000 
1000 10 14441.793244 38855000 
1000 10 14382.995933 39055000 
1000 10 14406.118192 39855000 
1000 10 14464.915503 38255000 
1000 10 14382.995933 39505000 
1000 10 14382.995933 39805000 
1000 10 14382.995933 39755000 
1000 10 14416.647733 39355000 
1000 10 14382.995933 39205000 
1000 10 14382.995933 39155000 
1000 10 14382.995933 39305000 
1000 10 14382.995933 39805000 
1000 10 14382.995933 39655000 
1000 10 14382.995933 39555000 
1000 10 14406.118192 39455000 
1000 10 14382.995933 39505000 
1000 10 14382.995933 39505000 
1000 10 14382.995933 39455000 
1000 10 14555.595378 39755000 
1000 10 14406.118192 40155000 
1000 10 14816.141815 40655000 
1000 10 14441.793244 39405000 
1000 10 14382.995933 39755000 
1000 10 14406.118192 38855000 
1000 10 14416.647733 38955000 
1000 10 14441.793244 39455000 
1000 10 14464.915503 39655000 
1000 10 14382.995933 40055000 
1000 10 14382.995933 39955000 
1000 10 14382.995933 39405000 
1000 10 14382.995933 39205000 
1000 10 14406.118192 39655000 
1000 10 14406.118192 39255000 
1000 10 14382.995933 39955000 
1000 10 14440.909396 39405000 
1000 10 14464.031655 39105000 
1000 10 14382.995933 39705000 
100 10 15124.793050 30855000 
100 10 14406.118192 29285000 
100 10 14382.995933 29625000 
100 10 14480.145749 30305000 
100 10 14500.888641 29980000 
100 10 15448.495485 32485000 
100 10 14606.376823 30200000 
100 10 14440.909396 29380000 
100 10 14516.910431 30910000 
100 10 14382.995933 29365000 
100 10 14382.995933 29260000 
100 10 14406.118192 30485000 
100 10 14382.995933 29315000 
100 10 14500.888641 29680000 
100 10 14441.793244 29615000 
100 10 14497.681915 30020000 
100 10 15078.710321 31875000 
100 10 14382.995933 29650000 
100 10 14382.995933 29405000 
100 10 14464.031655 30090000 
100 10 14420.101037 29940000 
100 10 15386.950155 31235000 
100 10 14406.118192 29430000 
100 10 14464.915503 29305000 
100 10 14607.422718 31885000 
100 10 15277.116610 30630000 
100 10 15069.486524 30190000 
100 10 15394.124139 31930000 
100 10 14464.915503 28940000 
100 10 14382.995933 29450000 
100 10 14382.995933 28605000 
100 10 14382.995933 29005000 
100 10 14439.702605 29190000 
100 10 14406.118192 29015000 
100 10 14382.995933 29680000 
100 10 14406.118192 29405000 
100 10 15193.532812 30695000 
100 10 14382.995933 29555000 
100 10 15281.627742 30755000 
100 10 14464.915503 28240000 
10 10 15077.256928 20509500 
10 10 15104.991505 21310500 
10 10 15694.774782 21075500 
10 10 14830.773701 21419000 
10 10 15188.786846 22016500 
10 10 15059.516977 19537000 
10 10 15643.380266 21681500 
10 10 14982.594599 20678500 
10 10 15370.243384 20641000 
10 10 15033.419574 20405500 
10 10 14482.310162 20067500 
10 10 15726.571036 20976000 
10 10 15547.708409 20988000 
10 10 16396.794249 19666000 
10 10 15279.694133 21958000 
10 10 16046.352855 22501500 
10 10 16334.663937 22129500 
10 10 15845.851715 20631000 
10 10 16176.774999 20076500 
10 10 15441.242267 20720500 
10 10 15318.005631 21942000 
10 10 15861.960092 21503500 
10 10 15371.279083 21761000 
10 10 14453.752836 20262000 
10 10 14558.363143 21087000 
10 10 15496.036552 21057500 
10 10 15091.004909 21166000 
10 10 14516.910431 21311500 
10 10 15697.393699 21740000 
10 10 16017.821589 21475000 
10 10 15064.894182 22331000 
10 10 15311.831883 20980000 
10 10 15720.774919 22080000 
10 10 16203.222652 19940500 
10 10 15265.074596 20312000 
10 10 14632.094669 22217500 
10 10 15136.908308 21627000 
10 10 15352.949375 22372500 
10 10 15176.041578 21775500 
10 10 15555.487944 21664500 
50 10 14382.995933 25352500 
50 10 14995.198764 28377500 
50 10 14495.584584 26587500 
50 10 14406.118192 26402500 
50 10 14491.776501 26245000 
50 10 15438.129603 28040000 
50 10 14991.337138 25692500 
50 10 14440.909396 26575000 
50 10 15442.273069 28495000 
50 10 15240.824425 27835000 
50 10 14852.900550 27017500 
50 10 14382.995933 26170000 
50 10 14406.118192 26482500 
50 10 15111.396651 26322500 
50 10 14382.995933 25250000 
50 10 14761.254698 26247500 
50 10 14512.882832 27122500 
50 10 14464.915503 25542500 
50 10 15245.932457 27197500 
50 10 14549.509255 28725000 
50 10 15370.959379 30145000 
50 10 14440.909396 24715000 
50 10 14439.702605 26567500 
50 10 15179.466813 26910000 
50 10 14382.995933 26220000 
50 10 16046.075409 26607500 
50 10 14510.242203 27265000 
50 10 14491.776501 25687500 
50 10 14382.995933 25112500 
50 10 14406.118192 27060000 
50 10 14406.118192 26337500 
50 10 14406.118192 26152500 
50 10 14935.567783 27990000 
50 10 15305.610854 27272500 
50 10 14839.196822 26050000 
50 10 14562.302012 25767500 
50 10 15237.827883 28420000 
50 10 15230.615385 28040000 
50 10 14493.788172 26277500 
50 10 14382.995933 26640000 
1000 50 14382.995933 39605000 
1000 50 14406.118192 40105000 
1000 50 14382.995933 39605000 
1000 50 14464.915503 39105000 
1000 50 14440.909396 39105000 
1000 50 14382.995933 38855000 
1000 50 14382.995933 40105000 
1000 50 14382.995933 39355000 
1000 50 14480.145749 40105000 
1000 50 14382.995933 40105000 
1000 50 14382.995933 39105000 
1000 50 15026.713361 40605000 
1000 50 14406.118192 38855000 
1000 50 14406.118192 39605000 
1000 50 14441.793244 38855000 
1000 50 14406.118192 39355000 
1000 50 14382.995933 39605000 
1000 50 14656.264921 39605000 
1000 50 14382.995933 38855000 
1000 50 14382.995933 40105000 
1000 50 14382.995933 39105000 
1000 50 14382.995933 39105000 
1000 50 14406.118192 39605000 
1000 50 14519.026059 39105000 
1000 50 14382.995933 39105000 
1000 50 14382.995933 39605000 
1000 50 14439.702605 39105000 
1000 50 14382.995933 38355000 
1000 50 14382.995933 39855000 
1000 50 14382.995933 39605000 
1000 50 14406.118192 39605000 
1000 50 14406.118192 38605000 
1000 50 14441.793244 38355000 
1000 50 14652.327362 40605000 
1000 50 14464.031655 39105000 
1000 50 15178.846880 39105000 
1000 50 14406.118192 39355000 
1000 50 14406.118192 39855000 
1000 50 14464.915503 38605000 
1000 50 14382.995933 39605000 
100 50 14524.727385 28680000 
100 50 15230.123187 31905000 
100 50 14416.647733 28655000 
100 50 14443.223295 28905000 
100 50 14406.118192 27605000 
100 50 14406.118192 28380000 
100 50 14441.793244 28480000 
100 50 14460.228748 28155000 
100 50 15308.096580 28455000 
100 50 14441.793244 28805000 
100 50 14482.310162 29580000 
100 50 14406.118192 29530000 
100 50 14441.793244 27405000 
100 50 14382.995933 28680000 
100 50 14406.118192 29730000 
100 50 14382.995933 29205000 
100 50 14974.639399 29305000 
100 50 15269.737348 31380000 
100 50 14642.391442 29605000 
100 50 14382.995933 29480000 
100 50 14441.793244 28630000 
100 50 14440.909396 29105000 
100 50 14512.882832 30755000 
100 50 14508.768011 29230000 
100 50 14440.909396 28755000 
100 50 14464.031655 28705000 
100 50 15229.112265 30505000 
100 50 14661.481811 30605000 
100 50 14600.194447 28180000 
100 50 14406.118192 29205000 
100 50 14460.228748 29005000 
100 50 15089.049802 29880000 
100 50 14464.915503 28180000 
100 50 14441.793244 28130000 
100 50 14382.995933 28880000 
100 50 14979.342947 29305000 
100 50 14420.101037 29105000 
100 50 14631.318247 28180000 
100 50 14555.722513 30605000 
100 50 14406.118192 28005000 
10 50 15756.591352 18435000 
10 50 15365.306501 20337500 
10 50 14889.486191 19130000 
10 50 16125.767331 22045000 
10 50 14441.793244 19620000 
10 50 14642.057949 20090000 
10 50 14382.995933 20350000 
10 50 15276.970691 20305000 
10 50 14493.788172 19232500 
10 50 15533.968837 20737500 
10 50 14416.647733 19702500 
10 50 14532.955124 19937500 
10 50 14834.339697 19777500 
10 50 14464.915503 19965000 
10 50 15444.781690 18732500 
10 50 15866.098926 22585000 
10 50 15186.976099 20495000 
10 50 15117.411803 21770000 
10 50 15722.367260 20157500 
10 50 15137.538653 19840000 
10 50 14443.223295 18885000 
10 50 15448.491308 21845000 
10 50 15254.507230 22172500 
10 50 14807.303394 20607500 
10 50 15427.626924 20567500 
10 50 14991.741520 19987500 
10 50 14989.638056 20720000 
10 50 15086.130812 21027500 
10 50 14960.788249 19775000 
10 50 14813.151439 19440000 
10 50 14974.192479 20082500 
10 50 14981.735197 20930000 
10 50 15449.553963 18905000 
10 50 15079.033257 21167500 
10 50 15582.942337 20590000 
10 50 15612.256481 21055000 
10 50 14830.773701 20640000 
10 50 15009.493271 20285000 
10 50 14971.047613 19405000 
10 50 14464.031655 18697500 
50 50 14870.942958 26555000 
50 50 14406.118192 25917500 
50 50 14493.788172 26542500 
50 50 14443.223295 26392500 
50 50 15093.727716 28280000 
50 50 15180.507101 26417500 
50 50 14406.118192 25442500 
50 50 14512.882832 26805000 
50 50 15238.852131 27792500 
50 50 14441.793244 25392500 
50 50 14510.242203 25305000 
50 50 14594.989566 27855000 
50 50 14508.768011 25705000 
50 50 14979.342947 26192500 
50 50 15265.895348 28055000 
50 50 14460.228748 24742500 
50 50 14464.915503 25167500 
50 50 15061.952902 26555000 
50 50 15357.555148 26592500 
50 50 14441.793244 25480000 
50 50 14988.320742 27380000 
50 50 15026.713361 27755000 
50 50 15153.252616 26730000 
50 50 14382.995933 25705000 
50 50 15047.276840 26667500 
50 50 14406.118192 25867500 
50 50 14555.722513 27642500 
50 50 14441.793244 25917500 
50 50 14617.160454 27242500 
50 50 14525.022661 25630000 
50 50 15162.651486 27530000 
50 50 14440.909396 25817500 
50 50 14961.264005 26255000 
50 50 14575.707742 26517500 
50 50 14382.995933 26080000 
50 50 14652.903028 27605000 
50 50 14443.223295 25605000 
50 50 14416.647733 25192500 
50 50 14549.509255 28055000 
50 50 15130.302362 26380000 
