m_0 m_1 E I
1000 1000 14382.995933 30105000 
1000 1000 14382.995933 30105000 
1000 1000 14382.995933 30105000 
1000 1000 14558.363143 30105000 
1000 1000 14491.776501 30105000 
1000 1000 14570.796295 30105000 
1000 1000 14382.995933 30105000 
1000 1000 14828.136006 35105000 
1000 1000 14382.995933 30105000 
1000 1000 14382.995933 30105000 
1000 1000 14406.118192 30105000 
1000 1000 14382.995933 30105000 
1000 1000 14382.995933 30105000 
1000 1000 14382.995933 30105000 
1000 1000 14382.995933 30105000 
1000 1000 14382.995933 30105000 
1000 1000 14382.995933 30105000 
1000 1000 14382.995933 30105000 
1000 1000 14382.995933 30105000 
1000 1000 14382.995933 30105000 
1000 1000 14382.995933 30105000 
1000 1000 14382.995933 30105000 
1000 1000 14382.995933 30105000 
1000 1000 14382.995933 30105000 
1000 1000 14406.118192 30105000 
1000 1000 14429.075097 30105000 
1000 1000 14406.118192 30105000 
1000 1000 14382.995933 30105000 
1000 1000 14382.995933 30105000 
1000 1000 14382.995933 30105000 
1000 1000 14382.995933 30105000 
1000 1000 14382.995933 30105000 
1000 1000 14482.310162 30105000 
1000 1000 14406.118192 30105000 
1000 1000 14382.995933 30105000 
1000 1000 14382.995933 30105000 
1000 1000 14406.118192 30105000 
1000 1000 14382.995933 30105000 
1000 1000 14382.995933 30105000 
1000 1000 14382.995933 30105000 
100 1000 14406.118192 23105000 
100 1000 14441.793244 23605000 
100 1000 14382.995933 23605000 
100 1000 14512.130110 23105000 
100 1000 14482.310162 23105000 
100 1000 14852.900550 23605000 
100 1000 14382.995933 23105000 
100 1000 14382.995933 23105000 
100 1000 14382.995933 23605000 
100 1000 14464.915503 22605000 
100 1000 14406.118192 23105000 
100 1000 14382.995933 22105000 
100 1000 14382.995933 24105000 
100 1000 14382.995933 22605000 
100 1000 14552.585483 23605000 
100 1000 14440.909396 23605000 
100 1000 14558.363143 24605000 
100 1000 14475.445044 22605000 
100 1000 14406.118192 23105000 
100 1000 14580.737516 23105000 
100 1000 14579.078524 24605000 
100 1000 14382.995933 23605000 
100 1000 14382.995933 23105000 
100 1000 14478.648221 22105000 
100 1000 14382.995933 23605000 
100 1000 14406.118192 23605000 
100 1000 14568.155665 23605000 
100 1000 14618.865710 22605000 
100 1000 15017.612763 24605000 
100 1000 14441.793244 22105000 
100 1000 14441.793244 23105000 
100 1000 14406.118192 23605000 
100 1000 14685.979162 24105000 
100 1000 14573.709996 24105000 
100 1000 14406.118192 23105000 
100 1000 15141.258425 23105000 
100 1000 15256.114598 22605000 
100 1000 14441.793244 23105000 
100 1000 14382.995933 23605000 
100 1000 14610.641608 23605000 
10 1000 15017.224805 15755000 
10 1000 14959.904400 15605000 
10 1000 15433.855368 16655000 
10 1000 15391.923411 17455000 
10 1000 15204.615107 17805000 
10 1000 15032.482117 16755000 
10 1000 15333.017737 16305000 
10 1000 15080.258333 16905000 
10 1000 14519.327920 15855000 
10 1000 14868.354500 16555000 
10 1000 15021.714662 17355000 
10 1000 14382.995933 16705000 
10 1000 14487.678691 16755000 
10 1000 15134.861218 17105000 
10 1000 16106.896787 16605000 
10 1000 14993.038807 17005000 
10 1000 15134.695793 16955000 
10 1000 15763.147679 16255000 
10 1000 15862.484075 15005000 
10 1000 14382.995933 16205000 
10 1000 15687.833648 17655000 
10 1000 15934.452322 16355000 
10 1000 15118.894793 17455000 
10 1000 15003.420325 15055000 
10 1000 14406.118192 16755000 
10 1000 15154.307519 17205000 
10 1000 15443.198796 17855000 
10 1000 15032.104484 18055000 
10 1000 15049.755191 18855000 
10 1000 14382.995933 15955000 
10 1000 15055.551832 16255000 
10 1000 14493.788172 17155000 
10 1000 15722.378867 17855000 
10 1000 15082.595340 16705000 
10 1000 15314.801237 17255000 
10 1000 14821.074261 16405000 
10 1000 15388.034482 17755000 
10 1000 15124.153201 16355000 
10 1000 15515.539424 18105000 
10 1000 15619.983822 17605000 
50 1000 15557.660298 22855000 
50 1000 15045.111027 22355000 
50 1000 14382.995933 21105000 
50 1000 14495.584584 19605000 
50 1000 15200.474496 22355000 
50 1000 15005.291800 21855000 
50 1000 15420.045377 22605000 
50 1000 15240.488523 23855000 
50 1000 14616.276605 22105000 
50 1000 14406.118192 20355000 
50 1000 15032.181854 20855000 
50 1000 14382.995933 21355000 
50 1000 15108.206133 23355000 
50 1000 15014.036026 22605000 
50 1000 14441.793244 20605000 
50 1000 14555.722513 22355000 
50 1000 14510.242203 21605000 
50 1000 15404.044526 21855000 
50 1000 14382.995933 19855000 
50 1000 15153.810917 23355000 
50 1000 14406.118192 21105000 
50 1000 14406.118192 19855000 
10 10 15248.373238 17538000 
10 10 15383.127232 18314000 
10 10 14516.910431 17361500 
10 10 15218.488168 19288000 
10 10 15151.409592 16664000 
10 10 15326.231208 16569500 
10 10 14997.533679 16320500 
10 10 15269.330008 18246000 
10 10 15144.758322 17558000 
10 10 14909.878863 16980000 
10 10 15334.570451 17487500 
10 10 15166.153606 15937500 
10 10 15934.930266 17185000 
10 10 15803.818609 17566500 
10 10 15944.319218 16714500 
10 10 14519.026059 16347000 
10 10 16201.850487 17031000 
10 10 15634.121028 18531000 
10 10 16225.437371 19730000 
10 10 15347.547700 18417000 
10 10 15417.933347 16721000 
10 10 15784.575678 16406500 
10 10 15536.740545 19089500 
10 10 16639.910873 18609000 
10 10 16435.264572 18266000 
10 10 15235.987125 18412500 
10 10 15582.600437 16918500 
10 10 15077.051193 16309500 
10 10 16127.777116 16362000 
10 10 15127.672829 17056000 
10 10 15127.247431 17049000 
10 10 15326.779177 17919000 
10 10 14614.519824 16329000 
10 10 15020.028684 18083000 
10 10 15869.158736 15702000 
10 10 16462.430086 18341000 
10 10 14564.911506 16568500 
10 10 15275.747817 17206000 
10 10 15330.236831 15951000 
10 10 14555.722513 17920500 
