Interval E I
100 14439.702605 71260000 
100 14441.793244 71001000 
100 15600.685832 70436000 
100 14464.031655 70969500 
100 14718.641024 69356000 
100 14406.118192 70506000 
100 14406.118192 70995500 
100 15049.189620 71517000 
100 15144.681882 69478000 
100 14382.995933 70103000 
100 15331.579892 70571000 
100 14542.450179 70401000 
100 15080.800961 70844000 
100 14702.066813 70374000 
100 15360.140803 70526000 
100 14406.118192 71226000 
100 15561.536788 70669500 
100 15149.614432 70365500 
100 15438.180516 70146000 
100 14512.882832 71116500 
100 15003.760707 70220500 
100 14686.592723 70802000 
100 14406.118192 71116500 
100 14670.035753 70167000 
100 14429.075097 71509000 
100 14420.101037 71304000 
100 15328.174845 70012500 
100 15168.129020 71233500 
100 14606.376823 68572500 
100 14573.709996 70802000 
100 14440.909396 71206500 
100 14711.566803 70425000 
100 15908.755989 71418000 
100 15351.209319 70338000 
100 14406.118192 69743500 
100 14382.995933 69810500 
100 14674.856620 70020500 
100 15337.281518 71875000 
100 14736.877646 69214500 
100 14777.705059 70192500 
100 14743.585510 70479000 
10 14535.354892 31656300 
10 14420.101037 30985050 
10 15251.958510 31440850 
10 15627.029885 31851100 
10 15499.002505 33412200 
10 15509.838512 31977500 
10 15184.100963 31809550 
10 15396.547977 30579800 
10 15095.874632 32403000 
10 15749.602333 31820600 
10 15218.032578 32931050 
10 14978.967180 31992350 
10 15375.950436 32209450 
10 14488.541128 30332800 
10 15132.630336 32061100 
10 14441.793244 30423550 
10 15667.371745 30497600 
10 14969.494020 31366400 
10 15563.982470 34135600 
10 14472.897889 30724750 
10 15645.174940 31068500 
10 14488.541128 30893550 
10 15376.788092 32965100 
10 14592.014943 32259800 
10 15130.836475 32293250 
10 14559.542977 31544650 
10 15044.212438 31882600 
10 15041.964975 31752550 
10 15419.199050 31555300 
10 14519.327920 31353200 
10 14476.875095 30958200 
10 15202.227784 31512100 
10 15264.387610 32923400 
10 14995.708693 31388700 
10 14769.090383 33306550 
10 14441.793244 30567050 
10 15135.128965 32918800 
10 14488.541128 31231750 
10 15374.834207 32205050 
10 15294.957717 31503250 
10 14516.910431 31774600 
150 14382.995933 83243250 
150 15599.494718 81873750 
150 14526.626960 83052750 
150 14692.617413 80793750 
150 14382.995933 82019250 
150 14406.118192 82593000 
150 15167.437186 82400250 
150 15316.524015 81927750 
150 14981.408336 82886250 
150 14699.708710 82746000 
150 14643.881448 83411250 
150 14382.995933 82203000 
150 14443.223295 82098750 
150 14526.626960 82739250 
150 15029.440542 82130250 
150 14543.894003 82591500 
150 14756.874043 81745500 
150 14519.327920 82703250 
150 14500.888641 82287000 
150 15339.408510 80016750 
150 14519.327920 83594250 
150 14440.909396 81772500 
150 14382.995933 83359500 
150 14824.799898 82174500 
150 14439.702605 82560000 
150 15210.864027 81808500 
150 14519.327920 82202250 
150 14642.389247 82290750 
150 14659.459255 81702000 
150 15118.195282 83566500 
150 14608.306566 82311750 
150 15080.393069 81094500 
150 14382.995933 82215000 
150 14810.795319 80553750 
150 15296.673644 81195000 
150 14577.241382 81828000 
200 14593.102401 90963000 
200 14732.910433 90895000 
200 14452.197356 90408000 
200 14730.727627 91322000 
200 15047.276840 90548000 
200 15017.612763 90146000 
200 15027.587794 91176000 
200 14382.995933 90055000 
200 14520.804174 92056000 
200 14482.310162 91725000 
200 14601.247490 90550000 
200 14441.793244 91610000 
200 14560.211372 89873000 
200 14701.270669 90784000 
200 15388.878001 90996000 
200 15032.303868 90435000 
200 14406.118192 88725000 
200 14382.995933 91225000 
200 15227.854246 90909000 
200 15154.182601 90991000 
200 14382.995933 90427000 
200 14420.101037 92297000 
200 14881.360264 91396000 
200 14561.355721 91489000 
200 14659.066179 90883000 
200 15167.974918 90842000 
200 15365.320713 91223000 
200 14572.385318 90093000 
200 14452.197356 91517000 
200 14406.118192 91201000 
200 14439.769992 91075000 
200 14530.893276 90533000 
200 15242.515037 91218000 
200 14988.167303 90439000 
200 14382.995933 92047000 
200 14482.310162 90649000 
200 15236.083726 90944000 
200 15163.153380 91219000 
200 14382.995933 90059000 
200 14493.880548 91468000 
200 14519.026059 91705000 
20 14995.278772 38581300 
20 14816.141815 36652200 
20 15246.237206 36834500 
20 14460.228748 37492100 
20 15348.393911 38007200 
20 14802.301038 37605800 
20 15243.690831 38857200 
20 14808.702835 38296000 
20 15440.510723 37619400 
20 14570.796295 38234900 
20 14440.909396 36695700 
20 14677.085600 37333500 
20 15246.534539 38330200 
20 15314.629058 37526500 
20 14767.433207 37846000 
20 15357.469279 38516300 
20 14441.793244 37825000 
20 14495.584584 37696000 
20 15151.839000 37960300 
20 15239.779644 37676300 
20 15846.488553 38861300 
20 15205.246151 38476800 
20 14614.445413 37775500 
20 15702.157192 37694700 
20 15386.657140 37561900 
20 14549.509255 39261600 
20 14766.056195 37481100 
20 14406.118192 37227300 
20 15091.190190 39013200 
20 14940.189240 37226400 
20 14667.945114 39072300 
20 16115.632919 38422900 
20 15159.259872 37424100 
20 14624.354957 37812000 
20 14562.065319 37738500 
20 14864.640199 37473900 
20 14667.422144 38018300 
20 15107.405627 38439300 
20 14382.995933 36660100 
20 15269.307637 39889800 
20 14518.383988 36108100 
250 15108.104813 95983750 
250 14382.995933 96480000 
250 14653.786876 96213750 
250 14918.320403 97260000 
250 14406.118192 97575000 
250 14382.995933 97797500 
250 14382.995933 96856250 
250 15022.040887 95825000 
250 14487.678691 94986250 
250 14382.995933 96966250 
250 14558.363143 97291250 
250 14558.363143 98653750 
250 14650.720114 96110000 
250 15389.061428 98195000 
250 14441.793244 96097500 
250 14382.995933 97872500 
250 14631.318247 97036250 
250 14382.995933 96958750 
250 15131.813486 97210000 
250 14742.110486 95168750 
250 14555.722513 95536250 
250 14491.776501 96220000 
250 14382.995933 97198750 
250 14406.118192 96801250 
250 14464.031655 97467500 
250 14382.995933 97736250 
250 14946.039471 97175000 
250 15250.169131 96690000 
250 14658.841181 96157500 
250 15419.731072 97026250 
250 14572.817399 96863750 
40 14673.235967 47556200 
40 14772.760633 47803000 
40 14712.218981 47826600 
40 14460.228748 48574600 
40 15135.980732 50867800 
40 15017.400901 47117800 
40 15818.519717 48490600 
40 15667.355699 48968800 
40 14778.362236 49620400 
40 15428.648189 48883600 
40 14420.101037 46998000 
40 14440.909396 47658800 
40 15529.075114 48469200 
40 15557.966705 50484800 
40 15336.911300 49078800 
40 15351.179667 47444400 
40 15264.809972 48780600 
40 15332.076685 49036200 
40 15048.310275 50048000 
40 15899.783787 48334400 
40 15178.187348 48373200 
40 15454.813017 48861200 
40 14595.468246 48643600 
40 15313.195007 47863600 
40 15349.138568 49020400 
40 14546.534632 46664600 
40 14708.503637 48295800 
40 14478.648221 48178600 
40 15099.061438 49495800 
40 14440.909396 47270000 
40 15088.009199 47352600 
40 14420.101037 47688200 
40 14519.327920 47849800 
40 14443.223295 47963800 
40 14816.837466 47301000 
40 15158.034650 48955200 
40 14575.850505 48188200 
40 14632.687589 47331800 
40 15360.388103 49871400 
40 15106.472882 47791000 
40 14382.995933 47706800 
50 14441.793244 50975250 
50 14382.995933 52309750 
50 14978.967180 53542250 
50 15468.480798 52776500 
50 14441.793244 52107750 
50 14443.223295 51689500 
50 15321.566747 53531750 
50 15098.442654 52631500 
50 14709.951982 52786000 
50 14725.545668 52042500 
50 14416.647733 51589750 
50 15190.346757 53123250 
50 14844.661732 53497500 
50 15125.325381 53161000 
50 14608.187458 51717750 
50 14382.995933 51824750 
50 15247.997237 51864250 
50 14648.179999 53478750 
50 15348.047124 53438500 
50 15263.728038 53658000 
50 15207.123422 52361250 
50 14648.093716 52666750 
50 14441.793244 50726750 
50 15412.519126 52424250 
50 15345.136764 53385750 
50 14551.794011 51542000 
50 15468.508374 52053750 
50 15060.903783 52990250 
50 14840.810817 52480750 
50 14459.048382 51933500 
50 14634.014039 52268250 
50 14746.246536 53009000 
50 15462.739429 52423500 
50 15872.194924 53006250 
50 14382.995933 51492000 
50 15266.812435 52609250 
50 15047.620252 53456500 
50 15217.029818 51789250 
50 15083.340952 51667250 
50 14497.681915 52281500 
50 14774.817961 51656750 
60 15395.059562 56802000 
60 15116.186288 56125800 
60 14382.995933 56531700 
60 15733.253378 56358000 
60 14382.995933 56511300 
60 15521.280703 56919600 
60 14631.795878 56550600 
60 15253.909677 57636900 
60 15189.725195 56685600 
60 16021.118232 56750100 
60 14617.160454 55826700 
60 14868.354500 56810400 
60 15300.686591 57353700 
60 15012.084517 56051400 
60 15007.955434 57291300 
60 14668.311164 56197200 
60 14736.917576 55798500 
60 15241.056893 56871900 
60 15193.179274 57802200 
60 15228.360764 56193900 
60 14485.849155 57281400 
60 15221.701947 56184900 
60 15497.812740 56634000 
60 14697.734076 57081600 
60 15123.210164 57754800 
60 14881.226632 55451100 
60 14460.228748 55374300 
60 14641.068729 58030500 
60 14443.223295 55463700 
60 14699.491213 57950100 
60 15188.051516 56373000 
60 15228.269050 59303100 
60 15446.817096 56450100 
60 15339.711736 57612600 
60 14441.793244 56254800 
60 14382.995933 57123900 
60 15833.779817 57339600 
60 14679.739207 56023500 
60 14440.909396 57186600 
60 14510.242203 56288700 
60 14744.663254 56598600 
80 14448.640871 65053800 
80 15117.832849 63282200 
80 15111.954586 64706600 
80 15574.633573 63995000 
80 14503.504701 65025800 
80 14406.118192 64233400 
80 15012.650088 65037000 
80 14616.863803 64570600 
80 14941.397531 65028600 
80 14406.118192 63520600 
80 15600.992508 62674600 
80 14512.882832 64039000 
80 14382.995933 63529000 
80 15327.469730 63667000 
80 14382.995933 63695400 
80 14493.788172 63746200 
80 14516.935420 63865400 
80 14608.187458 63979400 
80 14750.942920 64895000 
80 14439.769992 63732600 
80 14969.290070 63156600 
80 14516.910431 62899800 
80 15375.935749 64131000 
80 15141.131322 63667000 
80 14854.763437 62977400 
80 15176.967460 64285000 
80 14841.308696 64161000 
80 14495.584584 64353000 
80 14382.995933 64473000 
80 15391.683533 64897400 
80 14968.132362 64565000 
80 15161.104037 65450200 
80 14979.402067 61374200 
80 14859.979591 63745000 
80 14556.433023 62693800 
80 14636.632127 63481400 
80 15362.862364 64362600 
80 14701.615413 62903400 
80 14668.787386 63821000 
80 14512.882832 64851800 
80 14629.340546 64617000 
