m_0 m_1 E I
1000 1000 14382.995933 175125000 
1000 1000 15089.049802 175125000 
1000 1000 14714.880428 175125000 
1000 1000 14497.681915 175125000 
1000 1000 14406.118192 175125000 
1000 1000 14382.995933 175125000 
1000 1000 14420.101037 175125000 
1000 1000 14441.793244 175125000 
1000 1000 14406.118192 175125000 
1000 1000 14382.995933 175125000 
1000 1000 14382.995934 175125000 
1000 1000 14382.995933 175125000 
1000 1000 14440.909396 175125000 
1000 1000 14382.995933 175125000 
1000 1000 14406.118192 175125000 
1000 1000 14382.995933 175125000 
1000 1000 14406.118192 175125000 
1000 1000 14406.118192 175125000 
1000 1000 14816.141815 175125000 
1000 1000 14497.681915 175125000 
1000 1000 14382.995933 175125000 
1000 1000 14382.995934 175125000 
1000 1000 14382.995933 175125000 
1000 1000 14382.995933 175125000 
1000 1000 14382.995934 175125000 
1000 1000 14406.118192 175125000 
1000 1000 14382.995933 175125000 
1000 1000 14382.995933 175125000 
1000 1000 14382.995933 175125000 
1000 1000 14382.995933 175125000 
1000 1000 14440.909396 175125000 
1000 1000 14482.310162 175125000 
1000 1000 14441.793244 175125000 
1000 1000 14616.276605 175125000 
1000 1000 14382.995933 175125000 
1000 1000 14497.681915 175125000 
1000 1000 14406.118192 175125000 
1000 1000 14406.118192 175125000 
1000 1000 14382.995933 175125000 
1000 1000 14382.995933 175125000 
100 1000 14420.101037 152625000 
100 1000 14382.995933 152625000 
100 1000 14429.075097 150125000 
100 1000 14382.995933 155125000 
100 1000 14382.995934 152625000 
100 1000 14382.995933 152625000 
100 1000 14382.995933 152625000 
100 1000 14560.952248 147625000 
100 1000 15043.948290 155125000 
100 1000 14464.031655 150125000 
100 1000 14549.509255 162625000 
100 1000 14756.905545 162625000 
100 1000 14562.302012 150125000 
100 1000 14406.118192 152625000 
100 1000 14406.118192 152625000 
100 1000 14406.118192 152625000 
100 1000 14406.118192 152625000 
100 1000 14406.118192 155125000 
100 1000 14464.915503 150125000 
100 1000 15061.952902 155125000 
100 1000 15253.384213 160125000 
100 1000 14406.118192 150125000 
100 1000 14382.995934 152625000 
100 1000 14441.793244 150125000 
100 1000 14497.681915 150125000 
100 1000 14542.450179 147625000 
100 1000 14510.242203 150125000 
100 1000 14512.882832 157625000 
100 1000 15002.275751 157625000 
100 1000 14429.075097 147625000 
100 1000 14497.681915 152625000 
100 1000 14451.876551 155125000 
100 1000 14382.995933 152625000 
100 1000 14406.118192 155125000 
100 1000 14464.915503 150125000 
100 1000 14933.756076 157625000 
100 1000 14382.995933 150125000 
100 1000 14515.961962 150125000 
100 1000 15112.662947 152625000 
100 1000 14487.678691 157625000 
10 1000 14497.681915 121875000 
10 1000 14382.995933 119125000 
10 1000 14510.242203 124375000 
10 1000 15292.004416 132625000 
10 1000 14406.118192 118125000 
10 1000 14406.118192 119125000 
10 1000 15019.353781 124875000 
10 1000 15148.502136 139375000 
10 1000 14428.754292 120125000 
10 1000 14382.995933 120875000 
10 1000 14581.733111 124125000 
10 1000 14464.915503 117375000 
10 1000 14519.327920 118625000 
10 1000 14440.909396 120625000 
10 1000 14727.840302 123125000 
10 1000 14510.242203 123125000 
10 1000 14382.995933 123625000 
10 1000 14439.702605 119375000 
10 1000 14957.340952 121875000 
10 1000 14382.995933 125125000 
10 1000 15026.713361 131125000 
10 1000 14429.075097 119875000 
10 1000 14554.388586 120375000 
10 1000 15277.903123 126875000 
10 1000 15050.440774 131625000 
10 1000 14382.995934 122625000 
10 1000 15277.116610 130125000 
10 1000 15057.105218 132625000 
10 1000 14416.647733 119375000 
10 1000 14464.031655 121875000 
10 1000 15249.274111 132375000 
10 1000 15073.488474 124125000 
10 1000 15262.145104 129625000 
10 1000 15103.904413 118875000 
10 1000 14439.769992 117625000 
10 1000 14971.408070 127375000 
10 1000 14491.776501 122875000 
10 1000 15585.480458 130375000 
10 1000 14503.504701 114375000 
10 1000 14406.118192 120375000 
50 1000 14382.995933 145125000 
50 1000 14526.626960 142625000 
50 1000 15115.865862 140125000 
50 1000 14382.995933 146375000 
50 1000 14382.995933 143875000 
50 1000 14406.118192 138875000 
50 1000 14406.118192 142625000 
50 1000 14464.915503 142625000 
50 1000 14406.118192 143875000 
50 1000 14406.118192 137625000 
50 1000 14382.995933 141375000 
50 1000 14406.118192 145125000 
50 1000 14974.192479 147625000 
50 1000 14972.645101 156375000 
50 1000 15075.891654 150125000 
50 1000 14382.995933 143875000 
50 1000 14382.995933 141375000 
50 1000 15041.589122 137625000 
50 1000 14382.995933 143875000 
50 1000 14516.910431 145125000 
50 1000 14382.995933 143875000 
50 1000 14382.995933 140125000 
50 1000 14518.142211 141375000 
50 1000 14654.822399 145125000 
50 1000 14382.995933 143875000 
50 1000 14382.995933 142625000 
50 1000 14649.487620 142625000 
50 1000 14488.541128 145125000 
50 1000 14441.793244 142625000 
50 1000 14406.118192 142625000 
50 1000 15113.835238 143875000 
50 1000 15045.107102 143875000 
50 1000 14464.915503 140125000 
50 1000 14382.995933 137625000 
50 1000 14382.995933 145125000 
50 1000 14619.987586 141375000 
50 1000 14420.101037 138875000 
50 1000 14382.995933 145125000 
50 1000 14406.118192 145125000 
50 1000 15469.661688 158875000 
1000 100 14988.320742 170125000 
1000 100 14460.228748 165125000 
1000 100 14382.995933 165125000 
1000 100 14382.995933 165125000 
1000 100 14406.118192 162625000 
1000 100 14382.995933 167625000 
1000 100 14406.118192 167625000 
1000 100 14464.915503 165125000 
1000 100 14382.995933 167625000 
1000 100 14382.995934 167625000 
1000 100 14406.118192 167625000 
1000 100 14382.995933 167625000 
1000 100 14406.118192 167625000 
1000 100 14406.118192 165125000 
1000 100 14440.909396 165125000 
1000 100 14382.995933 167625000 
1000 100 14382.995933 167625000 
1000 100 14382.995933 165125000 
1000 100 14406.118192 162625000 
1000 100 14464.915503 162625000 
1000 100 14491.776501 170125000 
1000 100 14406.118192 165125000 
1000 100 14382.995933 170125000 
1000 100 14570.796295 167625000 
1000 100 14569.039514 165125000 
1000 100 14382.995933 165125000 
1000 100 14382.995933 167625000 
1000 100 14406.118192 165125000 
1000 100 14579.078524 175125000 
1000 100 14382.995933 167625000 
1000 100 14406.118192 167625000 
1000 100 14440.909396 165125000 
1000 100 14382.995933 167625000 
1000 100 14382.995933 167625000 
1000 100 15001.922922 170125000 
1000 100 14487.678691 167625000 
1000 100 14382.995933 165125000 
1000 100 14382.995933 167625000 
1000 100 14549.509255 175125000 
1000 100 14382.995933 167625000 
100 100 14382.995933 148125000 
100 100 14441.793244 151625000 
100 100 14556.479226 145875000 
100 100 14441.793244 146875000 
100 100 14546.534632 152125000 
100 100 14519.327920 150625000 
100 100 14555.722513 157875000 
100 100 14406.118192 149375000 
100 100 14382.995933 149375000 
100 100 14440.909396 150375000 
100 100 14382.995933 152125000 
100 100 14589.562833 152875000 
100 100 14503.504701 150125000 
100 100 14482.310162 149875000 
100 100 14382.995933 150125000 
100 100 14382.995933 150125000 
100 100 14475.445044 145375000 
100 100 14774.709311 161625000 
100 100 14469.400183 149625000 
100 100 14555.722513 155125000 
100 100 14580.737516 142375000 
100 100 15011.629312 158375000 
100 100 15055.025247 160625000 
100 100 14874.939126 150375000 
100 100 14406.118192 144625000 
100 100 14439.702605 151625000 
100 100 14406.118192 152625000 
100 100 14382.995933 150375000 
100 100 15004.200775 153375000 
100 100 14382.995933 150375000 
100 100 14382.995933 148125000 
100 100 14440.909396 152125000 
100 100 14440.909396 148875000 
100 100 14406.118192 153125000 
100 100 14933.756076 155375000 
100 100 14549.509255 165375000 
100 100 14406.118192 151125000 
100 100 14503.504701 149625000 
100 100 14420.101037 151375000 
100 100 14440.909396 152125000 
10 100 14546.534632 122700000 
10 100 14631.318247 117400000 
10 100 14382.995933 121025000 
10 100 14460.228748 119600000 
10 100 14610.641608 116925000 
10 100 15012.084517 130350000 
10 100 14478.648221 121050000 
10 100 14406.118192 118350000 
10 100 15064.894182 134200000 
10 100 14771.429832 125225000 
10 100 14464.031655 121250000 
10 100 14512.882832 125375000 
10 100 15085.230651 120675000 
10 100 15223.133412 124500000 
10 100 14382.995933 122225000 
10 100 14656.264921 127000000 
10 100 14406.118192 120700000 
10 100 14406.118192 118450000 
10 100 14406.118192 115375000 
10 100 14495.584584 118400000 
10 100 14608.306566 126450000 
10 100 14498.567303 109400000 
10 100 14464.915503 117350000 
10 100 15190.688527 120475000 
10 100 14701.186557 124275000 
10 100 15454.452858 125850000 
10 100 14382.995933 122175000 
10 100 14406.118192 120950000 
10 100 14439.702605 120050000 
10 100 14464.031655 118425000 
10 100 14464.915503 120150000 
10 100 14616.093352 119950000 
10 100 14484.107319 122525000 
10 100 14933.756076 126075000 
10 100 14555.722513 124175000 
10 100 15247.430117 123325000 
10 100 14482.310162 117675000 
10 100 14932.422678 117125000 
10 100 14487.678691 125050000 
10 100 14406.118192 120575000 
50 100 14382.995933 137250000 
50 100 14526.626960 141250000 
50 100 14886.552349 142875000 
50 100 14460.228748 141500000 
50 100 14443.223295 144125000 
50 100 14510.242203 144500000 
50 100 14382.995933 142125000 
50 100 14382.995933 142625000 
50 100 14460.228748 144250000 
50 100 14382.995933 142500000 
50 100 14519.327920 140500000 
50 100 14382.995933 145375000 
50 100 14406.118192 144750000 
50 100 14382.995933 141625000 
50 100 14452.197356 143125000 
50 100 14382.995933 142125000 
50 100 14474.561196 137500000 
50 100 14382.995933 142625000 
50 100 14382.995933 140500000 
50 100 14406.118192 141750000 
50 100 14659.459255 143500000 
50 100 14382.995934 138375000 
50 100 14382.995933 144125000 
50 100 14382.995933 144000000 
50 100 14382.995933 143000000 
50 100 14497.681915 141125000 
50 100 14441.793244 137875000 
50 100 14382.995933 144250000 
50 100 14441.793244 136750000 
50 100 14406.118192 143000000 
50 100 14382.995933 141000000 
50 100 14382.995933 140500000 
50 100 14382.995933 141125000 
50 100 14406.118192 144000000 
50 100 14406.118192 140000000 
50 100 14464.915503 135750000 
50 100 14416.647733 139125000 
50 100 14495.584584 145500000 
50 100 14382.995933 141125000 
50 100 15208.303905 152625000 
1000 10 14382.995933 164375000 
1000 10 14450.255373 167125000 
1000 10 14382.995933 165625000 
1000 10 14406.118192 167875000 
1000 10 14440.909396 162375000 
1000 10 14406.118192 166875000 
1000 10 14382.995933 162875000 
1000 10 14512.882832 170875000 
1000 10 14382.995933 166125000 
1000 10 14497.681915 165875000 
1000 10 14441.793244 165625000 
1000 10 14406.118192 163125000 
1000 10 14393.725939 162125000 
1000 10 14382.995933 164375000 
1000 10 14464.915503 158125000 
1000 10 14382.995933 165375000 
1000 10 14497.681915 164375000 
1000 10 14441.793244 162875000 
1000 10 14482.310162 166375000 
1000 10 14382.995933 165875000 
1000 10 14382.995933 166625000 
1000 10 14382.995933 166375000 
1000 10 14382.995933 166625000 
1000 10 14474.561196 163375000 
1000 10 14406.118192 165125000 
1000 10 14382.995933 164875000 
1000 10 14382.995933 163625000 
1000 10 15289.445040 178625000 
1000 10 14406.118192 167875000 
1000 10 14440.909396 165625000 
1000 10 14382.995933 165375000 
1000 10 14406.118192 167125000 
1000 10 14428.754292 165875000 
1000 10 14464.915503 164375000 
1000 10 14490.333277 164125000 
1000 10 15086.130812 163875000 
1000 10 14995.198765 175375000 
1000 10 14512.882832 167875000 
1000 10 14406.118192 165125000 
1000 10 14406.118192 166625000 
100 10 14382.995933 153425000 
100 10 14406.118192 148750000 
100 10 14406.118192 150425000 
100 10 14382.995933 150075000 
100 10 14382.995933 149825000 
100 10 14382.995933 152125000 
100 10 14883.408839 156975000 
100 10 14495.584584 150650000 
100 10 14382.995933 152400000 
100 10 14382.995933 151725000 
100 10 14439.769992 147325000 
100 10 14382.995934 148575000 
100 10 14406.118192 151600000 
100 10 14852.900550 153150000 
100 10 14416.848198 147575000 
100 10 14441.793244 148750000 
100 10 14406.118192 150950000 
100 10 14382.995933 150350000 
100 10 14406.118192 151275000 
100 10 14382.995933 151500000 
100 10 14691.792165 160550000 
100 10 14406.118192 146850000 
100 10 14382.995933 150500000 
100 10 14406.118192 146225000 
100 10 14382.995933 149050000 
100 10 14382.995933 152800000 
100 10 14440.909396 151575000 
100 10 14549.509255 160825000 
100 10 14464.031655 149350000 
100 10 14440.909396 148575000 
100 10 14382.995933 151475000 
100 10 14382.995933 152300000 
100 10 14382.995933 149950000 
100 10 14440.909396 148175000 
100 10 14393.725939 148200000 
100 10 14555.722513 155025000 
100 10 14382.995933 149500000 
100 10 14440.909396 151950000 
100 10 14382.995933 151125000 
100 10 14382.995933 146925000 
10 10 14420.101037 122265000 
10 10 14665.285050 117947500 
10 10 14441.793244 109522500 
10 10 15355.200199 120357500 
10 10 15134.160557 136345000 
10 10 15107.735074 123720000 
10 10 14439.769992 111890000 
10 10 14382.995934 120425000 
10 10 14624.010677 123132500 
10 10 14661.267707 123467500 
10 10 14561.418163 121155000 
10 10 15166.294474 125402500 
10 10 15199.116629 131152500 
10 10 14732.310912 125665000 
10 10 14406.118192 120430000 
10 10 15232.797200 136297500 
10 10 15201.288246 127210000 
10 10 15071.505051 128040000 
10 10 14556.479226 119162500 
10 10 15549.105493 120635000 
10 10 15021.438079 129887500 
10 10 15024.984248 131247500 
10 10 14719.359978 125142500 
10 10 14382.995933 120010000 
10 10 14406.118192 115882500 
10 10 14406.118192 115090000 
10 10 14685.858528 122397500 
10 10 14382.995933 120860000 
10 10 15068.730907 136030000 
10 10 14382.995934 117675000 
10 10 14464.915503 117352500 
10 10 15073.505291 122570000 
10 10 14549.987936 121377500 
10 10 14464.915503 119632500 
10 10 15103.404253 132585000 
10 10 15033.798751 123517500 
10 10 15085.539943 127705000 
10 10 14518.142211 119622500 
10 10 14520.804174 118720000 
10 10 15185.707165 133772500 
50 10 14382.995933 139775000 
50 10 14573.709996 146275000 
50 10 14580.512234 140575000 
50 10 14406.118192 142050000 
50 10 15432.197237 145850000 
50 10 14382.995933 143162500 
50 10 14406.118192 142375000 
50 10 14406.118192 147362500 
50 10 15230.028883 154150000 
50 10 14406.118192 141825000 
50 10 14460.228748 143337500 
50 10 14551.701635 147512500 
50 10 14497.333851 141075000 
50 10 14406.118192 144600000 
50 10 14440.909396 142100000 
50 10 14406.118192 142350000 
50 10 14382.995933 143625000 
50 10 14382.995933 144800000 
50 10 14460.228748 141012500 
50 10 15284.585075 141975000 
50 10 14382.995933 140137500 
50 10 14382.995933 144387500 
50 10 15271.007381 153000000 
50 10 15094.189621 154462500 
50 10 14464.915503 135912500 
50 10 14382.995933 144362500 
50 10 14487.678691 145925000 
50 10 14382.995933 146012500 
50 10 14601.310682 146525000 
50 10 14382.995933 141975000 
50 10 15138.917845 140675000 
50 10 14382.995933 142475000 
50 10 14464.031655 145075000 
50 10 14897.807947 140075000 
50 10 14406.118192 139475000 
50 10 14754.977898 150012500 
50 10 14382.995933 142162500 
50 10 14406.118192 140475000 
50 10 14382.995933 138412500 
50 10 15155.232311 152200000 
1000 50 14482.310162 165125000 
1000 50 14406.118192 163875000 
1000 50 14497.681915 165125000 
1000 50 14487.678691 171375000 
1000 50 14446.277924 165125000 
1000 50 14382.995933 166375000 
1000 50 14464.031655 167625000 
1000 50 14440.909396 165125000 
1000 50 14555.595378 163875000 
1000 50 14382.995933 167625000 
1000 50 14382.995933 166375000 
1000 50 14441.793244 163875000 
1000 50 14382.995933 166375000 
1000 50 14382.995933 168875000 
1000 50 14549.509255 175125000 
1000 50 14440.909396 167625000 
1000 50 15005.291800 173875000 
1000 50 14406.118192 165125000 
1000 50 14382.995933 167625000 
1000 50 14406.118192 166375000 
1000 50 14382.995933 165125000 
1000 50 14382.995934 166375000 
1000 50 14382.995933 162625000 
1000 50 14406.118192 167625000 
1000 50 14382.995933 167625000 
1000 50 14441.793244 162625000 
1000 50 14406.118192 167625000 
1000 50 14452.523250 166375000 
1000 50 14382.995933 165125000 
1000 50 14382.995933 168875000 
1000 50 14382.995933 165125000 
1000 50 14406.118192 163875000 
1000 50 14382.995933 167625000 
1000 50 14382.995933 166375000 
1000 50 14382.995933 166375000 
1000 50 14464.031655 166375000 
1000 50 14382.995933 162625000 
1000 50 14406.118192 163875000 
1000 50 14406.118192 166375000 
1000 50 14488.541128 165125000 
100 50 14568.155665 150375000 
100 50 14406.118192 148125000 
100 50 14382.995933 148250000 
100 50 14816.141815 154250000 
100 50 14884.292688 153000000 
100 50 14487.678691 154875000 
100 50 14382.995934 150250000 
100 50 14382.995933 152000000 
100 50 14406.118192 149875000 
100 50 14406.118192 150750000 
100 50 14406.118192 150375000 
100 50 14441.793244 144375000 
100 50 14406.118192 152000000 
100 50 14560.952248 148375000 
100 50 14382.995934 150875000 
100 50 15178.846880 153375000 
100 50 14464.915503 150250000 
100 50 14406.118192 150750000 
100 50 14441.793244 146125000 
100 50 14608.306566 154125000 
100 50 14382.995933 151500000 
100 50 14382.995933 148250000 
100 50 14382.995934 152125000 
100 50 14382.995933 151750000 
100 50 14382.995933 152625000 
100 50 14382.995933 149250000 
100 50 14406.118192 151750000 
100 50 14382.995933 150750000 
100 50 15081.650756 163125000 
100 50 14493.788172 153625000 
100 50 14503.504701 149125000 
100 50 14406.118192 149500000 
100 50 15103.557333 155250000 
100 50 14984.172957 154750000 
100 50 14382.995933 149000000 
100 50 14382.995934 149375000 
100 50 14954.747543 148000000 
100 50 14406.118192 147000000 
100 50 14382.995933 148375000 
100 50 14464.031655 149875000 
10 50 15237.008403 128437500 
10 50 15289.410722 122762500 
10 50 14464.915503 117712500 
10 50 15434.065095 137237500 
10 50 14440.909396 117100000 
10 50 14493.788172 124600000 
10 50 14416.647733 120137500 
10 50 14493.788172 123612500 
10 50 14382.995934 119200000 
10 50 14382.995933 115487500 
10 50 14907.701693 118637500 
10 50 15107.135276 122537500 
10 50 14382.995933 117375000 
10 50 14382.995933 121750000 
10 50 15083.909873 131237500 
10 50 14406.118192 115287500 
10 50 15033.798751 126012500 
10 50 15107.945319 131512500 
10 50 15160.981861 117450000 
10 50 14520.804174 119825000 
10 50 15247.955152 127550000 
10 50 14464.031655 118800000 
10 50 14382.995934 120237500 
10 50 14542.450179 118475000 
10 50 14782.776749 128312500 
10 50 14460.228748 117050000 
10 50 14618.884768 126612500 
10 50 14382.995934 117625000 
10 50 14406.118192 120575000 
10 50 15086.130812 118775000 
10 50 14460.228748 119987500 
10 50 15123.094192 118000000 
10 50 14406.118192 122637500 
10 50 14382.995933 120325000 
10 50 14816.141815 119262500 
10 50 14406.118192 112862500 
10 50 15007.192956 129787500 
10 50 14649.624967 117900000 
10 50 14382.995933 120475000 
10 50 14664.471672 123175000 
50 50 14460.228748 142812500 
50 50 14503.504701 149437500 
50 50 14382.995933 141812500 
50 50 15434.340555 150125000 
50 50 14382.995933 141500000 
50 50 14406.118192 141125000 
50 50 14439.702605 142937500 
50 50 14382.995933 142875000 
50 50 14535.252369 145875000 
50 50 14382.995934 139250000 
50 50 14406.118192 140625000 
50 50 14382.995933 139687500 
50 50 14382.995933 139125000 
50 50 15292.992965 146562500 
50 50 15192.601736 149875000 
50 50 14440.909396 144125000 
50 50 15021.438079 151437500 
50 50 14602.558215 144750000 
50 50 14439.702605 144812500 
50 50 14382.995933 141687500 
50 50 14382.995933 141500000 
50 50 14382.995933 147187500 
50 50 14406.118192 142750000 
50 50 14406.118192 141687500 
50 50 14546.534632 145625000 
50 50 14439.702605 144625000 
50 50 15052.599340 142937500 
50 50 14440.909396 142937500 
50 50 14631.767973 144750000 
50 50 14406.118192 143875000 
50 50 14424.069814 135437500 
50 50 14664.365079 156312500 
50 50 14382.995933 143562500 
50 50 14382.995933 143125000 
50 50 14406.118192 141750000 
50 50 14382.995933 142750000 
50 50 14464.031655 143312500 
50 50 14497.681915 138312500 
50 50 14443.223295 141687500 
50 50 14440.909396 140187500 
