m_0 m_1 E I
1000 1000 14382.995933 30105000 
1000 1000 14382.995933 30105000 
1000 1000 14382.995933 30105000 
1000 1000 14558.363143 30105000 
1000 1000 14491.776501 30105000 
1000 1000 14570.796295 30105000 
1000 1000 14382.995933 30105000 
1000 1000 14828.136006 35105000 
1000 1000 14382.995933 30105000 
1000 1000 14382.995933 30105000 
1000 1000 14406.118192 30105000 
1000 1000 14382.995933 30105000 
1000 1000 14382.995933 30105000 
1000 1000 14382.995933 30105000 
1000 1000 14382.995933 30105000 
1000 1000 14382.995933 30105000 
1000 1000 14382.995933 30105000 
1000 1000 14382.995933 30105000 
1000 1000 14382.995933 30105000 
1000 1000 14382.995933 30105000 
1000 1000 14382.995933 30105000 
1000 1000 14382.995933 30105000 
1000 1000 14382.995933 30105000 
1000 1000 14382.995933 30105000 
1000 1000 14406.118192 30105000 
1000 1000 14429.075097 30105000 
1000 1000 14406.118192 30105000 
1000 1000 14382.995933 30105000 
1000 1000 14382.995933 30105000 
1000 1000 14382.995933 30105000 
1000 1000 14382.995933 30105000 
1000 1000 14382.995933 30105000 
1000 1000 14482.310162 30105000 
1000 1000 14406.118192 30105000 
1000 1000 14382.995933 30105000 
1000 1000 14382.995933 30105000 
1000 1000 14406.118192 30105000 
1000 1000 14382.995933 30105000 
1000 1000 14382.995933 30105000 
1000 1000 14382.995933 30105000 
100 1000 14406.118192 23105000 
100 1000 14441.793244 23605000 
100 1000 14382.995933 23605000 
100 1000 14512.130110 23105000 
100 1000 14482.310162 23105000 
100 1000 14852.900550 23605000 
100 1000 14382.995933 23105000 
100 1000 14382.995933 23105000 
100 1000 14382.995933 23605000 
100 1000 14464.915503 22605000 
100 1000 14406.118192 23105000 
100 1000 14382.995933 22105000 
100 1000 14382.995933 24105000 
100 1000 14382.995933 22605000 
100 1000 14552.585483 23605000 
100 1000 14440.909396 23605000 
100 1000 14558.363143 24605000 
100 1000 14475.445044 22605000 
100 1000 14406.118192 23105000 
100 1000 14580.737516 23105000 
100 1000 14579.078524 24605000 
100 1000 14382.995933 23605000 
100 1000 14382.995933 23105000 
100 1000 14478.648221 22105000 
100 1000 14382.995933 23605000 
100 1000 14406.118192 23605000 
100 1000 14568.155665 23605000 
100 1000 14618.865710 22605000 
100 1000 15017.612763 24605000 
100 1000 14441.793244 22105000 
100 1000 14441.793244 23105000 
100 1000 14406.118192 23605000 
100 1000 14685.979162 24105000 
100 1000 14573.709996 24105000 
100 1000 14406.118192 23105000 
100 1000 15141.258425 23105000 
100 1000 15256.114598 22605000 
100 1000 14441.793244 23105000 
100 1000 14382.995933 23605000 
100 1000 14610.641608 23605000 
10 1000 15017.224805 15755000 
10 1000 14959.904400 15605000 
10 1000 15433.855368 16655000 
10 1000 15391.923411 17455000 
10 1000 15204.615107 17805000 
10 1000 15032.482117 16755000 
10 1000 15333.017737 16305000 
10 1000 15080.258333 16905000 
10 1000 14519.327920 15855000 
10 1000 14868.354500 16555000 
10 1000 15021.714662 17355000 
10 1000 14382.995933 16705000 
10 1000 14487.678691 16755000 
10 1000 15134.861218 17105000 
10 1000 16106.896787 16605000 
10 1000 14993.038807 17005000 
10 1000 15134.695793 16955000 
10 1000 15763.147679 16255000 
10 1000 15862.484075 15005000 
10 1000 14382.995933 16205000 
10 1000 15687.833648 17655000 
10 1000 15934.452322 16355000 
10 1000 15118.894793 17455000 
10 1000 15003.420325 15055000 
10 1000 14406.118192 16755000 
10 1000 15154.307519 17205000 
10 1000 15443.198796 17855000 
10 1000 15032.104484 18055000 
10 1000 15049.755191 18855000 
10 1000 14382.995933 15955000 
10 1000 15055.551832 16255000 
10 1000 14493.788172 17155000 
10 1000 15722.378867 17855000 
10 1000 15082.595340 16705000 
10 1000 15314.801237 17255000 
10 1000 14821.074261 16405000 
10 1000 15388.034482 17755000 
10 1000 15124.153201 16355000 
10 1000 15515.539424 18105000 
10 1000 15619.983822 17605000 
50 1000 15557.660298 22855000 
50 1000 15045.111027 22355000 
50 1000 14382.995933 21105000 
50 1000 14495.584584 19605000 
50 1000 15200.474496 22355000 
50 1000 15005.291800 21855000 
50 1000 15420.045377 22605000 
50 1000 15240.488523 23855000 
50 1000 14616.276605 22105000 
50 1000 14406.118192 20355000 
50 1000 15032.181854 20855000 
50 1000 14382.995933 21355000 
50 1000 15108.206133 23355000 
50 1000 15014.036026 22605000 
50 1000 14441.793244 20605000 
50 1000 14555.722513 22355000 
50 1000 14510.242203 21605000 
50 1000 15404.044526 21855000 
50 1000 14382.995933 19855000 
50 1000 15153.810917 23355000 
50 1000 14406.118192 21105000 
50 1000 14406.118192 19855000 
50 1000 14382.995933 20855000 
50 1000 15374.578546 22605000 
50 1000 14921.128223 23105000 
50 1000 14406.118192 20855000 
50 1000 14406.118192 21605000 
50 1000 14382.995933 20855000 
50 1000 14406.118192 20855000 
50 1000 14816.141815 21855000 
50 1000 14997.910781 22105000 
50 1000 14549.509255 22855000 
50 1000 14565.773942 21355000 
50 1000 14464.031655 20355000 
50 1000 14440.909396 21355000 
50 1000 14440.909396 20605000 
50 1000 14916.214199 20605000 
50 1000 15078.760805 22105000 
50 1000 14382.995933 20605000 
50 1000 14555.595378 20105000 
1000 100 14406.118192 29105000 
1000 100 14382.995933 29105000 
1000 100 14406.118192 28605000 
1000 100 14464.915503 28605000 
1000 100 14441.793244 28605000 
1000 100 14441.793244 28605000 
1000 100 14441.793244 28105000 
1000 100 14382.995933 29605000 
1000 100 14382.995933 29105000 
1000 100 14487.678691 29605000 
1000 100 14406.118192 29105000 
1000 100 14382.995933 28605000 
1000 100 14406.118192 29105000 
1000 100 14382.995933 29105000 
1000 100 14578.717636 28605000 
1000 100 14382.995933 29105000 
1000 100 14382.995933 29105000 
1000 100 14382.995933 29605000 
1000 100 14464.915503 28605000 
1000 100 14406.118192 28605000 
1000 100 14382.995933 28605000 
1000 100 14382.995933 28605000 
1000 100 14440.909396 29105000 
1000 100 14382.995933 28605000 
1000 100 14382.995933 28605000 
1000 100 14382.995933 28605000 
1000 100 14382.995933 29105000 
1000 100 14441.793244 28105000 
1000 100 14464.031655 28605000 
1000 100 14406.118192 29605000 
1000 100 14382.995933 29105000 
1000 100 14382.995933 29605000 
1000 100 14382.995933 29605000 
1000 100 14441.793244 28605000 
1000 100 14382.995933 29105000 
1000 100 14406.118192 29105000 
1000 100 14464.915503 28605000 
1000 100 14382.995933 29105000 
1000 100 14382.995933 29105000 
1000 100 14440.909396 29105000 
100 100 14382.995933 23205000 
100 100 14552.585483 22755000 
100 100 14440.909396 23205000 
100 100 14382.995933 23455000 
100 100 14406.118192 22805000 
100 100 14555.722513 23805000 
100 100 14560.952248 22805000 
100 100 14464.915503 22705000 
100 100 14382.995933 22855000 
100 100 14516.910431 23705000 
100 100 14406.118192 23555000 
100 100 14382.995933 23655000 
100 100 15020.235946 24955000 
100 100 14406.118192 23405000 
100 100 14382.995933 23155000 
100 100 14382.995933 22405000 
100 100 14406.118192 23255000 
100 100 14460.228748 23755000 
100 100 14441.793244 22805000 
100 100 14938.558859 23755000 
100 100 15159.997964 24405000 
100 100 14988.696509 23505000 
100 100 15039.117970 24255000 
100 100 14382.995933 23305000 
100 100 14382.995933 22955000 
100 100 14464.915503 22205000 
100 100 14439.702605 23205000 
100 100 14642.389247 24505000 
100 100 14440.909396 22505000 
100 100 15026.713361 24355000 
100 100 14441.793244 22755000 
100 100 15045.024333 24505000 
100 100 14441.793244 21555000 
100 100 15096.114699 24505000 
100 100 14382.995933 22705000 
100 100 14382.995933 23705000 
100 100 14382.995933 23455000 
100 100 14420.101037 21155000 
100 100 14440.909396 23255000 
100 100 14382.995933 23505000 
10 100 15164.119362 18000000 
10 100 15580.697087 16560000 
10 100 15057.147498 16270000 
10 100 15026.415029 15190000 
10 100 15017.612763 17670000 
10 100 15312.152404 16100000 
10 100 14406.118192 16260000 
10 100 15115.460696 16830000 
10 100 14833.146914 16460000 
10 100 15765.491256 16510000 
10 100 15226.869475 17380000 
10 100 14406.118192 16400000 
10 100 14555.722513 16855000 
10 100 15186.707324 16720000 
10 100 15053.755489 18545000 
10 100 15298.786787 17890000 
10 100 15091.946425 16910000 
10 100 15149.043402 17525000 
10 100 15071.331838 16800000 
10 100 14440.909396 16065000 
10 100 15201.084035 18945000 
10 100 14911.697860 16545000 
10 100 15220.001341 17770000 
10 100 15233.946842 16905000 
10 100 15137.922762 17545000 
10 100 14460.228748 16465000 
10 100 15970.495210 16695000 
10 100 15206.513087 16855000 
10 100 15161.470796 17015000 
10 100 14842.714905 16110000 
10 100 15052.599340 16990000 
10 100 15020.028684 17565000 
10 100 15180.657550 15770000 
10 100 15608.616036 16960000 
10 100 15724.822308 15865000 
10 100 15743.143819 18865000 
10 100 14382.995933 16150000 
10 100 15268.896600 17785000 
10 100 14406.118192 15985000 
10 100 14977.668247 16690000 
50 100 15016.398617 21630000 
50 100 14556.479226 20655000 
50 100 14382.995933 21405000 
50 100 14406.118192 21055000 
50 100 14518.142211 21005000 
50 100 14512.882832 21555000 
50 100 15105.764030 22430000 
50 100 14953.731510 20680000 
50 100 15053.996075 23230000 
50 100 14382.995933 20980000 
50 100 14406.118192 20805000 
50 100 14981.884607 21530000 
50 100 15077.135576 23405000 
50 100 14441.793244 20355000 
50 100 14406.118192 21105000 
50 100 14518.142211 20805000 
50 100 14909.099100 21955000 
50 100 14552.585483 21405000 
50 100 14382.995933 20480000 
50 100 14406.118192 21230000 
50 100 15116.767274 22705000 
50 100 15013.122368 21655000 
50 100 15060.132907 21730000 
50 100 15341.635704 23430000 
50 100 14406.118192 20705000 
50 100 14464.915503 20680000 
50 100 15162.045767 20630000 
50 100 14560.952248 20680000 
50 100 14901.800124 21630000 
50 100 14512.882832 21980000 
50 100 14608.306566 22805000 
50 100 14622.361765 21230000 
50 100 14441.793244 20605000 
50 100 14839.196822 20455000 
50 100 14382.995933 21305000 
50 100 14910.763688 20930000 
50 100 15212.460611 22055000 
50 100 15605.307935 21830000 
50 100 15297.551913 23755000 
50 100 14406.118192 20930000 
1000 10 14382.995933 28655000 
1000 10 14473.354405 28505000 
1000 10 14464.915503 28955000 
1000 10 14406.118192 28955000 
1000 10 14382.995933 29305000 
1000 10 14406.118192 28955000 
1000 10 14382.995933 29355000 
1000 10 14382.995933 29305000 
1000 10 14382.995933 29205000 
1000 10 14382.995933 29355000 
1000 10 14406.118192 28755000 
1000 10 14420.101037 28955000 
1000 10 14464.031655 28955000 
1000 10 14382.995933 29155000 
1000 10 14406.118192 29405000 
1000 10 14493.788172 28905000 
1000 10 14382.995933 28955000 
1000 10 14464.915503 29005000 
1000 10 14464.915503 28355000 
1000 10 14440.909396 28305000 
1000 10 14382.995933 29055000 
1000 10 14382.995933 28855000 
1000 10 14441.793244 28855000 
1000 10 14439.702605 28805000 
1000 10 14406.118192 29055000 
1000 10 14464.915503 28705000 
1000 10 14382.995933 28905000 
1000 10 14464.915503 28155000 
1000 10 14441.793244 28305000 
1000 10 14382.995933 29305000 
1000 10 14382.995933 26955000 
1000 10 14440.909396 28605000 
1000 10 14382.995933 29055000 
1000 10 14441.793244 28855000 
1000 10 14382.995933 28805000 
1000 10 14382.995933 28705000 
1000 10 14382.995933 29305000 
1000 10 14406.118192 29005000 
100 10 14406.118192 23550000 
100 10 14816.141815 24250000 
100 10 14382.995933 22925000 
100 10 14420.101037 23735000 
100 10 14482.310162 23340000 
100 10 14594.899558 24340000 
100 10 14382.995933 23530000 
100 10 14382.995933 23335000 
100 10 14524.591809 24285000 
100 10 14911.697860 22960000 
100 10 14382.995933 22950000 
100 10 15636.578784 23955000 
100 10 14440.909396 23310000 
100 10 14382.995933 23780000 
100 10 14429.075097 22535000 
100 10 14516.935420 22980000 
100 10 14493.788172 24295000 
100 10 15390.570136 24630000 
100 10 14659.066179 24185000 
100 10 14495.584584 23215000 
100 10 14382.995933 23490000 
100 10 15078.216730 24625000 
100 10 14382.995933 23815000 
100 10 14382.995933 23230000 
100 10 14518.142211 23435000 
100 10 14516.910431 23645000 
100 10 14518.142211 22915000 
100 10 15029.721381 23575000 
100 10 14464.915503 22520000 
100 10 14420.101037 23810000 
100 10 14382.995933 23295000 
100 10 14382.995933 23935000 
100 10 14382.995933 22830000 
100 10 15164.119362 25025000 
100 10 14382.995933 24220000 
100 10 14441.793244 23165000 
100 10 14464.915503 22960000 
100 10 14406.118192 23760000 
100 10 14406.118192 24130000 
100 10 14651.696237 25685000 
10 10 15248.373238 17538000 
10 10 15383.127232 18314000 
10 10 14516.910431 17361500 
10 10 15218.488168 19288000 
10 10 15151.409592 16664000 
10 10 15326.231208 16569500 
10 10 14997.533679 16320500 
10 10 15269.330008 18246000 
10 10 15144.758322 17558000 
10 10 14909.878863 16980000 
10 10 15334.570451 17487500 
10 10 15166.153606 15937500 
10 10 15934.930266 17185000 
10 10 15803.818609 17566500 
10 10 15944.319218 16714500 
10 10 14519.026059 16347000 
10 10 16201.850487 17031000 
10 10 15634.121028 18531000 
10 10 16225.437371 19730000 
10 10 15347.547700 18417000 
10 10 15417.933347 16721000 
10 10 15784.575678 16406500 
10 10 15536.740545 19089500 
10 10 16639.910873 18609000 
10 10 16435.264572 18266000 
10 10 15235.987125 18412500 
10 10 15582.600437 16918500 
10 10 15077.051193 16309500 
10 10 16127.777116 16362000 
10 10 15127.672829 17056000 
10 10 15127.247431 17049000 
10 10 15326.779177 17919000 
10 10 14614.519824 16329000 
10 10 15020.028684 18083000 
10 10 15869.158736 15702000 
10 10 16462.430086 18341000 
10 10 14564.911506 16568500 
10 10 15275.747817 17206000 
10 10 15330.236831 15951000 
10 10 14555.722513 17920500 
50 10 14530.893276 21600000 
50 10 14406.118192 22122500 
50 10 15376.238565 23540000 
50 10 15086.130812 21452500 
50 10 14406.118192 21080000 
50 10 14510.242203 21652500 
50 10 14382.995933 19832500 
50 10 14652.142270 21990000 
50 10 15055.494421 22402500 
50 10 14441.793244 20735000 
50 10 14382.995933 21185000 
50 10 14382.995933 20827500 
50 10 14440.909396 21835000 
50 10 14441.793244 20567500 
50 10 14406.118192 21465000 
50 10 14540.432180 21160000 
50 10 14796.880198 22455000 
50 10 15032.989790 21050000 
50 10 15088.746135 21955000 
50 10 14382.995933 21327500 
50 10 14382.995933 21270000 
50 10 14439.702605 22255000 
50 10 14406.118192 21255000 
50 10 15387.356603 22925000 
50 10 15529.148115 22267500 
50 10 14406.118192 21995000 
50 10 15482.039075 23315000 
50 10 15203.388301 22707500 
50 10 15549.637492 20817500 
50 10 14977.415121 23365000 
50 10 14440.909396 21675000 
50 10 14439.702605 20937500 
50 10 14482.310162 20940000 
50 10 15016.398617 22192500 
50 10 15073.784114 21217500 
50 10 14497.333851 21817500 
50 10 14406.118192 20857500 
50 10 14464.915503 20002500 
50 10 14406.118192 21017500 
50 10 14575.707742 20887500 
1000 50 14406.118192 29105000 
1000 50 14382.995933 28855000 
1000 50 14406.118192 28605000 
1000 50 14382.995933 29105000 
1000 50 14382.995933 29355000 
1000 50 14441.793244 29105000 
1000 50 14416.647733 27855000 
1000 50 14406.118192 29105000 
1000 50 14460.228748 29105000 
1000 50 14487.678691 29605000 
1000 50 14382.995933 29105000 
1000 50 14440.909396 28355000 
1000 50 14441.793244 27855000 
1000 50 14406.118192 29355000 
1000 50 14382.995933 29105000 
1000 50 14441.793244 28355000 
1000 50 14406.118192 28855000 
1000 50 14441.793244 28355000 
1000 50 14464.915503 28355000 
1000 50 14382.995933 28605000 
1000 50 14406.118192 28855000 
1000 50 14382.995933 28855000 
1000 50 14382.995933 28605000 
1000 50 14382.995933 28855000 
1000 50 14382.995933 28355000 
1000 50 14382.995933 28605000 
1000 50 14382.995933 28605000 
1000 50 14451.876551 28605000 
1000 50 14382.995933 28355000 
1000 50 14382.995933 28605000 
1000 50 14382.995933 28855000 
1000 50 14382.995933 29355000 
1000 50 14497.681915 28355000 
1000 50 14439.702605 28855000 
1000 50 14406.118192 29105000 
1000 50 14441.793244 28855000 
1000 50 14406.118192 29355000 
1000 50 14441.793244 28605000 
1000 50 14382.995933 29105000 
1000 50 14382.995933 28605000 
