Interval E I
100 14974.639399 163712000 
100 14826.599767 162534000 
100 14382.995933 162983000 
100 14382.995934 163948000 
100 14406.118192 163590000 
100 15201.269433 162617000 
100 14382.995933 163523000 
100 14520.804174 163905000 
100 14979.342947 161991000 
100 15234.737045 163879000 
100 14440.909396 163976000 
100 15255.363995 160237000 
100 14624.873114 160486000 
100 14382.995933 162921000 
100 14532.955124 164410000 
100 14441.793244 162496000 
100 14846.803239 162726000 
100 14595.900512 162830000 
100 14406.118192 162488000 
100 15017.612763 164093000 
100 15172.446818 164256000 
100 15022.381679 163825000 
100 14615.917913 164493000 
100 14565.758132 163335000 
100 14550.494844 164317000 
100 14493.788172 163697000 
100 14382.995934 162869000 
100 14642.389247 161698000 
100 14646.273610 163103000 
100 14406.118192 162920000 
100 14586.984418 162189000 
100 14934.979113 161825000 
100 14842.765645 163466000 
100 14406.118192 159196000 
100 14575.707742 162889000 
100 14580.737516 163672000 
100 14495.584584 162099000 
100 14382.995933 163015000 
100 14767.057973 162406000 
100 15520.779948 166173000 
100 14443.223295 162703000 
10 15762.435697 76388600 
10 14903.768151 77162200 
10 15438.472490 74607300 
10 15536.069304 75639500 
10 15070.274179 74000100 
10 14852.900550 73586800 
10 15694.553841 73595300 
10 14505.987107 73830300 
10 14406.118192 73557700 
10 15243.308955 74483900 
10 14382.995933 73397400 
10 14516.910431 74413500 
10 14406.118192 74686700 
10 15119.890012 75732100 
10 15277.528119 75394900 
10 15216.818398 74390500 
10 15103.670092 75045800 
10 14684.469649 76823100 
10 15254.571620 73852600 
10 14953.599858 73352600 
10 14382.995933 74898200 
10 15407.406136 77411000 
10 15086.130812 73750600 
10 15548.538715 74782600 
10 15256.409164 72873800 
10 14630.305452 74275400 
10 14440.909396 72607500 
10 14726.584997 73192200 
10 14589.562833 74900900 
10 14676.566181 75248200 
10 14382.995933 74344700 
10 15336.410021 73973300 
10 15538.654397 75676900 
10 14600.363641 74086500 
10 14595.588419 76273700 
10 14428.754292 74016100 
10 15381.652429 76568100 
10 15225.952656 73655200 
10 14510.242203 74648400 
10 15117.972221 74943900 
10 15109.238085 74612300 
20 14382.995933 93972800 
20 14487.678691 91627600 
20 15113.246104 95698000 
20 14464.915503 89304000 
20 15286.030259 92854800 
20 14406.118192 91049400 
20 15004.552326 94686200 
20 14510.242203 92429000 
20 14595.267614 95212400 
20 14491.776501 93902400 
20 15153.124378 92709800 
20 14954.525165 90502000 
20 14439.702605 89831200 
20 14382.995933 92266400 
20 14799.323364 92289400 
20 14439.769992 90289800 
20 15499.013486 92437000 
20 14382.995933 90781400 
20 14780.533375 94391200 
20 15213.511715 96846000 
20 14406.118192 89771200 
20 15320.714844 92381600 
20 14953.015570 92496600 
20 15200.191701 93732800 
20 15113.835238 91093000 
20 14914.267916 95820800 
20 15391.066995 91477400 
20 14698.126983 92018000 
20 14547.347306 93473800 
20 14441.793244 90042400 
20 15390.521273 95841400 
20 15659.771528 92568000 
20 14519.327920 92261800 
20 14439.702605 93014600 
20 15291.990418 96202400 
20 15423.120710 92571400 
20 15196.384422 94690200 
20 15173.408905 90512400 
20 15028.267759 94123800 
20 14487.678691 92079600 
20 15722.758131 93485600 
25 14464.915503 99067000 
25 14464.915503 98236750 
25 15220.001341 102252750 
25 14521.330490 96513500 
25 15485.003564 100057000 
25 15492.964295 102807000 
25 14738.126587 102597750 
25 15413.708635 100244500 
25 14406.118192 98988500 
25 15290.639802 103474500 
25 14496.020148 95909500 
25 14571.383493 99593500 
25 14881.360156 99806750 
25 14495.584584 99229750 
25 14420.101037 98212750 
25 15373.542797 99404250 
25 14923.678119 98329000 
25 14648.093716 100028750 
25 14440.909396 98089000 
25 15242.083916 100750250 
25 14866.527897 101093750 
25 15237.799506 101518000 
25 14452.197356 98093500 
25 14429.075097 100458000 
25 14406.118192 98998000 
25 14406.118192 99468500 
25 14645.273994 99164000 
25 14642.854836 99066500 
25 16023.292089 103185250 
25 14493.788172 98655250 
25 14406.118192 100691250 
25 14616.093352 98827000 
25 14621.397408 99329750 
25 14406.118192 99067000 
26 15412.099423 100154880 
26 14416.647733 97414740 
26 14880.022454 101137680 
26 14942.151580 101460860 
26 14745.925731 102820140 
26 14549.987936 101361020 
26 15168.052525 101634020 
26 14487.678691 100835300 
26 14487.678691 103563480 
26 14497.681915 101062800 
26 14382.995933 100329340 
26 15344.871645 101355560 
26 15206.839312 102345120 
26 15084.636748 103982860 
26 14995.198764 103159960 
26 15577.348281 102856800 
26 14416.647733 100201160 
26 15234.278042 101427320 
26 14439.702605 100464800 
26 15298.236688 103625880 
26 14497.333852 101278860 
26 14406.118192 101615560 
26 15285.612645 102551560 
26 14406.118192 98751920 
26 15005.635085 99294540 
26 14382.995933 102080180 
26 14498.567303 99575340 
26 14406.118192 99674400 
26 15116.986528 96056500 
26 14530.424501 99689740 
26 15335.960912 102858880 
26 14382.995933 99982240 
26 14938.923516 101803020 
30 14698.763066 103784600 
30 14636.878909 105943400 
30 14441.793244 106419500 
30 14689.143623 108185900 
30 14440.909396 104213600 
30 14645.273994 106925000 
30 14429.075097 105220400 
30 15597.056143 106387100 
30 14406.118192 106458200 
30 14382.995933 104544500 
30 14443.223295 107164700 
30 14420.101037 106740200 
30 14420.101037 107522300 
30 14382.995933 106222400 
30 14651.696237 109814000 
30 14464.031655 102458300 
30 14420.101037 107585000 
30 14441.793244 103102100 
30 14589.562833 105451100 
30 14901.546387 106831400 
30 14797.499755 104578100 
30 14406.118192 106978100 
30 14933.756076 108801200 
30 14696.443081 107318600 
30 14654.822399 105692000 
30 15255.712371 109183100 
30 15042.316331 104573600 
30 15192.874909 111242900 
30 15265.320864 106418900 
30 15201.855949 107473700 
30 15199.833353 109108100 
30 14519.327920 104744600 
30 14652.038520 107144000 
30 15565.759270 109709600 
30 14713.787266 110392100 
30 14441.793244 104132900 
30 14699.508675 105047300 
30 14859.801931 108878600 
30 15203.042083 105888800 
30 14678.493154 104201000 
30 15097.917071 105395600 
40 14382.995933 119471600 
40 14945.011950 121305200 
40 14382.995933 117932800 
40 15281.210050 118605200 
40 15459.906661 119378000 
40 15057.215396 118808800 
40 14534.299486 118780000 
40 15301.454673 121514400 
40 14843.884919 118538000 
40 14851.922649 119140400 
40 15045.111027 120511600 
40 15326.097221 123310400 
40 14406.118192 119046800 
40 15447.584974 118250800 
40 14420.101037 118396800 
40 14611.238443 120902400 
50 15496.486585 131650500 
50 15084.776009 127991500 
50 14841.334179 132977000 
50 14614.073586 131136000 
50 14416.647733 127269000 
50 15194.058715 134208500 
50 15192.358680 128846500 
50 15228.251792 128939000 
50 14488.541128 130174500 
50 14382.995934 129999000 
50 15843.344392 132725500 
50 15592.142353 131854500 
50 14984.809445 129545000 
50 14439.702605 130945000 
50 14658.991757 129143500 
5 14984.868908 65154300 
5 14382.995933 64851450 
5 14914.759424 66270300 
5 14939.096041 64664750 
5 14493.880548 62268350 
5 15531.657374 66101900 
5 14630.305452 64915300 
5 14726.747184 64089050 
5 14420.101037 62371150 
5 15515.751010 68313400 
5 15153.478998 65738400 
5 14441.793244 63463500 
5 14558.363143 65481450 
5 15055.025247 65841350 
5 15042.722190 64476400 
5 15264.607151 66719750 
5 14740.407012 65011300 
5 15388.248676 65766600 
5 15520.001044 64347150 
5 15327.407501 66790800 
5 15661.325479 65529100 
5 14671.098053 65534250 
5 14382.995933 64235950 
5 15351.198051 65738250 
5 15665.313302 63224250 
5 15009.493271 64243050 
5 14382.995933 65287550 
5 14767.826004 62928600 
5 14831.237536 66982450 
5 14979.342947 64565350 
5 14382.995933 64018250 
5 15047.010677 68084200 
5 14586.984418 64583450 
5 14932.422678 63422950 
5 15946.069998 67596250 
5 14441.793244 63530400 
5 14406.118192 62930150 
5 14991.337138 64469150 
5 15585.784551 65362350 
5 15219.117613 65915050 
5 14460.228748 64467050 
80 14720.062207 150665200 
80 14382.995933 153854000 
80 14765.806569 153529200 
80 14382.995934 153006800 
80 14730.179886 153170800 
80 15378.935381 149785200 
80 14594.989566 153928400 
80 15242.931300 152266800 
80 15186.085735 152824400 
80 14382.995933 154018800 
80 15346.665559 151650000 
80 14406.118192 151029200 
80 14406.118192 153025200 
