Interval E I
100 14420.101037 319420000 
100 14617.160454 321974000 
100 14925.844714 320902000 
100 14571.383493 320130000 
100 14576.034591 320258000 
100 14556.000562 321842000 
100 14406.118192 318116000 
100 15256.604813 321096000 
100 14382.995933 318792000 
100 14382.995934 316970000 
100 14790.432523 325396000 
100 14382.995934 329262000 
100 14653.494812 315034000 
100 14382.995934 323834000 
100 14542.450179 320976000 
100 14382.995934 322366000 
100 14382.995933 318826000 
100 15090.356129 319868000 
100 14881.390130 322252000 
100 14565.407083 320370000 
100 14487.678691 321530000 
100 14382.995933 325602000 
100 14382.995933 318472000 
100 14919.563572 324032000 
100 14441.793244 315436000 
100 14443.223295 320206000 
100 14608.488596 323294000 
100 15043.990998 317784000 
100 14382.995933 317322000 
100 14382.995933 321288000 
100 14382.995933 321126000 
100 14535.252369 323356000 
100 14382.995934 313960000 
100 14440.909396 319180000 
100 14852.900550 314756000 
100 15083.041733 324380000 
100 14382.995934 318498000 
100 14441.793244 318812000 
100 14624.552373 317244000 
100 14995.198765 323490000 
100 14460.228748 321432000 
10 15221.983858 173730600 
10 15012.084517 180841400 
10 14491.776502 175123800 
10 14482.310162 172205200 
10 14586.984418 177195600 
10 15185.724738 179519200 
10 14540.609804 168949000 
10 14876.998723 169520000 
10 14464.031655 172717200 
10 15136.957726 168447600 
10 14552.677859 168594200 
10 14487.678691 178436200 
10 14382.995933 173722800 
10 14443.223295 164970200 
10 14406.118192 171731000 
10 14624.318219 173398400 
10 14594.989566 182188000 
10 15124.673168 174040800 
10 14909.099100 177044000 
10 14443.223295 172137600 
10 14443.223295 175239600 
10 14652.327362 176794200 
10 14429.075097 180938600 
10 15161.429976 177256200 
10 15147.809799 179726000 
10 14723.332024 185285400 
10 15182.967492 173758400 
10 14382.995933 172970000 
10 14520.804174 174365200 
10 15272.212180 176699000 
10 14631.633250 172409000 
10 14382.995933 173238600 
10 14669.804236 169280000 
10 15468.463395 183561400 
10 14382.995933 173964800 
10 14406.118192 170561600 
10 14497.681915 172054200 
10 15335.553509 175290600 
10 15327.765657 175295000 
10 14705.312256 170376400 
10 14406.118192 171868600 
150 14382.995933 339273000 
150 14382.995934 339441000 
150 15354.672567 342615000 
150 14700.523904 346002000 
150 15196.162333 340134000 
150 15024.644279 348498000 
150 14420.101037 341772000 
150 14642.389247 340686000 
150 14658.000175 340863000 
150 14625.699320 342564000 
150 15166.807672 343647000 
150 14406.118192 340158000 
150 14521.973790 342024000 
150 14699.672323 348555000 
150 14558.363143 336648000 
150 14558.363143 340305000 
150 14694.303794 347181000 
150 14579.940961 344319000 
150 14525.428301 334221000 
150 14861.729871 347169000 
150 15142.788393 343518000 
150 14510.242203 341883000 
150 14825.495377 341556000 
150 15011.629312 344277000 
150 14382.995933 339237000 
150 14441.793244 337755000 
150 14482.310162 335154000 
150 14416.647733 342126000 
150 14849.130704 343467000 
150 15091.814676 343926000 
150 14382.995933 340707000 
150 14705.192960 335868000 
150 15529.635245 352905000 
150 14817.980707 339198000 
150 14560.952248 340686000 
150 14464.031655 344667000 
150 14691.393013 346749000 
150 14406.118192 338340000 
150 15191.677003 337644000 
150 15110.504024 337254000 
150 14565.773942 338877000 
15 14611.777031 191354700 
15 14406.118192 198906900 
15 14868.206645 195048300 
15 15106.310770 200489100 
15 14503.504701 198255300 
15 14659.553897 199597500 
15 14420.101037 191625000 
15 14439.769992 188085000 
15 14491.776501 198661500 
15 14382.995934 194941800 
15 14406.118192 193271100 
15 14382.995933 190272300 
15 14866.222969 195177300 
15 15021.438079 199545300 
15 15408.662516 201005100 
15 15043.948290 196089000 
15 15371.122079 194564700 
15 14592.014943 193781400 
15 14488.541128 200329500 
15 15132.285785 194221200 
15 14818.201413 197109300 
15 14429.075097 192169800 
15 14887.278099 197823000 
15 14382.995933 195723600 
15 15045.107102 195345600 
15 15110.504024 198181200 
15 15080.442477 191473800 
15 14555.722513 199036200 
15 14801.357523 191850000 
15 14837.836761 200507100 
15 14654.687062 202648500 
15 14554.015534 194001000 
15 14677.047769 209699100 
15 15416.396191 198735900 
15 14676.041868 198866700 
15 14406.118192 197999700 
15 14487.678691 196456800 
15 15161.482506 206715600 
15 14979.827017 222123900 
15 14478.648221 200084100 
15 14428.754292 191212200 
20 14382.995933 215051600 
20 14488.541128 218310000 
20 14532.955124 210488400 
20 15238.603183 216366800 
20 15231.454073 226341600 
20 14724.201147 220235200 
20 15224.974217 227578800 
20 15168.155229 216900800 
20 14664.475184 211851200 
20 14746.740707 217237600 
20 14613.635976 211450800 
20 14382.995933 215590400 
20 14713.350453 214319600 
20 14475.445044 207710800 
20 15267.700915 221460400 
20 15269.739680 214463600 
20 15300.566799 213429600 
20 14705.892489 213824800 
20 14534.299486 217533200 
20 14723.387361 218052800 
20 14491.776501 217774400 
20 14775.159036 216647600 
20 14631.318247 217523200 
20 15571.818621 216734400 
20 14382.995933 209178400 
20 14969.535449 211065200 
20 14460.228748 212760800 
20 14694.682431 220259200 
20 14382.995933 215971600 
20 14495.584584 214078000 
20 14406.118192 215096400 
20 14531.333715 208799600 
20 14824.799898 219036800 
20 15078.560406 212793200 
20 14598.541142 217475200 
20 14608.306566 218862400 
20 14382.995933 211000000 
20 14561.240540 211130000 
20 15031.654775 220084000 
20 14652.327362 217996000 
20 14439.702605 217818800 
30 14482.310162 241156800 
30 14487.678691 244371600 
30 15325.248650 242262000 
30 15222.025274 246474600 
30 14596.856623 237638400 
30 14540.609804 242744400 
30 14534.299486 237051600 
30 14887.516244 244128600 
30 14406.118192 238833000 
30 14460.228748 242157000 
30 14439.702605 235573200 
30 14579.078524 241651800 
30 15954.845790 241493400 
30 14382.995933 240908400 
30 14625.699320 244137600 
30 14534.299486 244394400 
30 14439.769992 240180600 
30 14382.995933 241712400 
30 14554.968935 241846800 
30 14487.678691 243934800 
30 14382.995933 237301200 
30 14606.558209 243706200 
30 14758.563581 240241800 
30 15240.398779 247047600 
30 14638.908199 240514800 
30 15012.084517 237976200 
30 14443.223295 242179800 
30 14526.626960 241275600 
30 14740.866386 243681600 
30 14648.360144 235669800 
30 15006.599123 238787400 
30 14655.512310 240810600 
30 14452.197356 241229400 
30 15670.594807 248244600 
30 15170.204281 243501600 
30 14624.552373 243596400 
30 15140.957015 241548000 
30 14592.014943 244799400 
30 14460.228748 239204400 
30 14382.995934 242671200 
30 14763.682127 235592400 
40 15035.624703 263968800 
40 14420.101037 258774400 
40 14739.410389 263423200 
40 15234.554758 260116000 
40 14443.223295 262936000 
40 15391.710499 260275200 
40 15049.880563 256821600 
40 14624.971458 257814400 
40 14443.223295 257138400 
40 14441.793244 260593600 
40 14785.887322 259364800 
40 15302.147522 260894400 
40 15118.094415 258570400 
40 14940.658821 265696000 
40 14784.680531 263002400 
40 15291.674398 265176800 
40 15259.817678 264912800 
40 14558.641191 264527200 
40 15218.730808 266851200 
40 14624.873114 256971200 
40 15106.183050 268840800 
40 14488.541127 261901600 
40 14441.793244 258600800 
40 14406.118192 258448800 
40 15202.826916 269018400 
40 14518.142211 260215200 
40 14503.504701 260973600 
40 14579.940961 264587200 
40 14519.327920 259017600 
40 14723.387361 266100800 
40 15256.044331 259765600 
40 15119.000233 263432000 
40 14512.882832 264671200 
40 14540.609804 264443200 
40 15137.978723 259864000 
40 14672.870897 258215200 
40 15061.150110 266360000 
40 15081.315109 266150400 
40 14520.804174 257260800 
40 14464.031655 263032800 
40 14864.773976 261069600 
50 14406.118192 274061000 
50 14441.793244 281083000 
50 14464.915503 274284000 
50 14775.509872 274242000 
50 14750.494971 275156000 
50 14629.296955 277118000 
50 15534.542384 274882000 
50 14979.890602 277243000 
50 14441.793244 275513000 
50 15023.183525 281868000 
50 14611.238443 279585000 
50 14519.327920 276068000 
50 14534.299486 276067000 
50 14737.290465 273602000 
50 14627.960145 273825000 
50 15129.268083 278015000 
50 14462.726897 275613000 
50 14382.995933 275754000 
50 14678.493154 279159000 
50 14627.061217 273960000 
50 14441.793244 275496000 
50 14622.361765 278278000 
50 15181.123627 278293000 
50 15112.910895 273648000 
50 14482.310162 275023000 
50 14488.541128 269632000 
50 15235.752491 279373000 
50 15120.962215 274009000 
50 15222.186085 273515000 
50 14493.788172 275981000 
50 15244.614545 281217000 
50 14382.995934 271608000 
50 15161.039615 276144000 
50 14705.739641 277648000 
50 14439.769992 275558000 
50 14382.995933 276236000 
50 15402.175679 281618000 
50 15146.594254 279836000 
50 14798.903373 282095000 
50 15097.534134 274245000 
50 14439.702605 272039000 
5 14406.118192 143579100 
5 14515.753324 143351500 
5 15030.041118 148270500 
5 14664.643127 146103800 
5 14834.532566 152801200 
5 15337.554581 151774300 
5 15186.921030 154497100 
5 15177.274056 145101000 
5 15123.442327 157779200 
5 14997.015071 145381700 
5 15352.567764 150690600 
5 14758.693751 148215200 
5 14634.415592 148097800 
5 14604.121502 152636700 
5 15082.579369 150912600 
5 15220.345597 146340500 
5 15352.484348 150073300 
5 14606.432558 147017800 
5 14718.804264 157003900 
5 14556.479226 144096400 
5 14382.995933 145472900 
5 15168.266920 149448300 
5 14439.702605 146577200 
5 14443.223295 147495600 
5 14482.310162 147294300 
5 15207.022693 158967800 
5 14420.101037 147768300 
5 15047.065550 146006200 
5 15450.952133 150728100 
5 15265.023945 148262000 
5 14519.026059 147353600 
5 14831.770552 143962000 
5 14382.995933 148893800 
5 14420.101037 145968300 
5 15424.110781 153224000 
5 14555.722513 151635400 
5 15138.344584 152620500 
5 14440.909396 147958000 
5 15677.260954 149544100 
5 14526.626960 148974900 
5 15022.003650 156960500 
5 15353.265522 151369800 
5 14420.101037 148797500 
5 15460.463226 151423700 
5 14636.646827 155041900 
5 14954.745091 147292700 
5 14487.678691 149978500 
5 15227.808375 153302900 
5 14851.427895 148379500 
5 15185.204566 154779700 
5 14645.091725 154837500 
5 14655.706247 148967800 
5 14439.702605 146711800 
5 14579.601485 142382700 
5 15390.301556 153077100 
5 14382.995933 145002100 
5 14946.204203 151615100 
5 14441.793244 142035400 
5 15908.677445 149588900 
5 14382.995933 145092400 
5 14550.494844 154048000 
5 15051.424712 150040200 
5 14913.948320 147399300 
5 14662.781323 147037900 
5 15151.641179 152957000 
5 15147.609127 151824500 
5 14599.993180 148555800 
5 14990.961372 151411100 
5 14710.240824 150262600 
5 14516.935420 147984400 
5 14475.418553 145825700 
5 14697.807672 155856700 
5 14841.437080 154574100 
5 14440.909396 145228200 
5 14586.984418 149745400 
5 14593.762224 150463300 
5 14881.571624 147879300 
5 15111.787878 151353300 
5 14416.647733 146660100 
5 14694.077896 149834500 
5 14983.533664 155538300 
5 14440.909396 149399200 
5 15124.966813 150575100 
5 14382.995933 149626800 
5 14382.995933 142659600 
5 14439.769992 147574900 
5 15012.650088 158520000 
5 14382.995933 147404000 
5 14464.915503 147351000 
5 15460.875846 155414600 
5 14452.197356 143769700 
5 14440.909396 149032600 
5 15480.024037 148063300 
5 15681.342489 147559900 
5 14788.932118 150147300 
5 14542.450179 146075200 
5 14406.118192 149450200 
5 14685.198819 145109200 
5 14406.118192 142455300 
5 14475.445044 141757100 
80 14988.167303 307246400 
80 14382.995933 304630400 
80 14440.909396 306457600 
80 14602.558215 308032000 
80 14382.995933 306768000 
80 15232.676851 309822400 
80 14429.075097 305281600 
80 15582.520393 303556800 
80 15137.922762 304726400 
80 14799.948363 305220800 
80 14722.148111 307961600 
80 15231.250476 309156800 
80 14648.179999 307948800 
80 14704.248815 304132800 
80 14382.995933 309454400 
80 14382.995933 308195200 
80 14382.995933 309222400 
80 14439.702605 304488000 
80 14406.118192 307976000 
80 14512.882832 311952000 
80 14406.118192 306454400 
80 15453.732653 311081600 
80 14953.599858 303558400 
80 15382.653891 310108800 
80 14625.699320 304078400 
80 14495.584584 301592000 
80 15057.063557 305252800 
80 15045.111027 312699200 
80 14554.455974 302756800 
80 14406.118192 305734400 
80 14579.940961 307436800 
80 14382.995934 305318400 
80 14883.727362 306867200 
80 15107.696893 304134400 
80 14828.125706 302510400 
80 14382.995933 300520000 
80 14507.854447 302025600 
80 14382.995933 312294400 
80 15483.330628 307916800 
80 14578.717636 307726400 
80 15166.223739 305683200 
