    lambda        E           I   P scheme  m_0  m_1    log_I log_work
1    5e-06 14383.00    30000000 200   hcdr 1000 1000 17.21671 22.51503
2    5e-06 14383.00    30000000 200   hcdr 1000 1000 17.21671 22.51503
3    5e-06 14383.00    30000000 200   hcdr 1000 1000 17.21671 22.51503
4    5e-06 14558.36    30000000 200   hcdr 1000 1000 17.21671 22.51503
5    5e-06 14491.78    30000000 200   hcdr 1000 1000 17.21671 22.51503
6    5e-06 14570.80    30000000 200   hcdr 1000 1000 17.21671 22.51503
7    5e-06 14383.00    30000000 200   hcdr 1000 1000 17.21671 22.51503
8    5e-06 14828.14    35000000 200   hcdr 1000 1000 17.37086 22.66918
9    5e-06 14383.00    30000000 200   hcdr 1000 1000 17.21671 22.51503
10   5e-06 14383.00    30000000 200   hcdr 1000 1000 17.21671 22.51503
11   5e-06 14406.12    30000000 200   hcdr 1000 1000 17.21671 22.51503
12   5e-06 14383.00    30000000 200   hcdr 1000 1000 17.21671 22.51503
13   5e-06 14383.00    30000000 200   hcdr 1000 1000 17.21671 22.51503
14   5e-06 14383.00    30000000 200   hcdr 1000 1000 17.21671 22.51503
15   5e-06 14383.00    30000000 200   hcdr 1000 1000 17.21671 22.51503
16   5e-06 14383.00    30000000 200   hcdr 1000 1000 17.21671 22.51503
17   5e-06 14383.00    30000000 200   hcdr 1000 1000 17.21671 22.51503
18   5e-06 14383.00    30000000 200   hcdr 1000 1000 17.21671 22.51503
19   5e-06 14383.00    30000000 200   hcdr 1000 1000 17.21671 22.51503
20   5e-06 14383.00    30000000 200   hcdr 1000 1000 17.21671 22.51503
21   5e-06 14383.00    30000000 200   hcdr 1000 1000 17.21671 22.51503
22   5e-06 14383.00    30000000 200   hcdr 1000 1000 17.21671 22.51503
23   5e-06 14383.00    30000000 200   hcdr 1000 1000 17.21671 22.51503
24   5e-06 14383.00    30000000 200   hcdr 1000 1000 17.21671 22.51503
25   5e-06 14406.12    30000000 200   hcdr 1000 1000 17.21671 22.51503
26   5e-06 14429.08    30000000 200   hcdr 1000 1000 17.21671 22.51503
27   5e-06 14406.12    30000000 200   hcdr 1000 1000 17.21671 22.51503
28   5e-06 14383.00    30000000 200   hcdr 1000 1000 17.21671 22.51503
29   5e-06 14383.00    30000000 200   hcdr 1000 1000 17.21671 22.51503
30   5e-06 14383.00    30000000 200   hcdr 1000 1000 17.21671 22.51503
31   5e-06 14383.00    30000000 200   hcdr 1000 1000 17.21671 22.51503
32   5e-06 14383.00    30000000 200   hcdr 1000 1000 17.21671 22.51503
33   5e-06 14482.31    30000000 200   hcdr 1000 1000 17.21671 22.51503
34   5e-06 14406.12    30000000 200   hcdr 1000 1000 17.21671 22.51503
35   5e-06 14383.00    30000000 200   hcdr 1000 1000 17.21671 22.51503
36   5e-06 14383.00    30000000 200   hcdr 1000 1000 17.21671 22.51503
37   5e-06 14406.12    30000000 200   hcdr 1000 1000 17.21671 22.51503
38   5e-06 14383.00    30000000 200   hcdr 1000 1000 17.21671 22.51503
39   5e-06 14383.00    30000000 200   hcdr 1000 1000 17.21671 22.51503
40   5e-06 14383.00    30000000 200   hcdr 1000 1000 17.21671 22.51503
41   1e-07 14464.03 37270902600   1 serial   NA   NA 24.34148 24.34148
42   1e-07 14383.00 38042316600   1 serial   NA   NA 24.36196 24.36196
43   1e-07 14440.91 38059504500   1 serial   NA   NA 24.36242 24.36242
44   1e-07 14440.91 37454549800   1 serial   NA   NA 24.34639 24.34639
45   1e-07 14383.00 37330575800   1 serial   NA   NA 24.34308 24.34308
46   1e-07 14383.00 37979179000   1 serial   NA   NA 24.36030 24.36030
47   1e-07 14494.63 37870858300   1 serial   NA   NA 24.35745 24.35745
48   1e-07 14383.00 38121828700   1 serial   NA   NA 24.36405 24.36405
49   1e-07 14383.00 37579968800   1 serial   NA   NA 24.34974 24.34974
50   1e-07 14383.00 38288152900   1 serial   NA   NA 24.36841 24.36841
51   1e-07 14383.00 38339899200   1 serial   NA   NA 24.36976 24.36976
52   1e-07 14383.00 37774325400   1 serial   NA   NA 24.35490 24.35490
53   1e-07 14503.50 37826427700   1 serial   NA   NA 24.35627 24.35627
54   1e-07 14428.20 37800375600   1 serial   NA   NA 24.35558 24.35558
55   1e-07 14383.00 38189553900   1 serial   NA   NA 24.36583 24.36583
56   1e-07 14383.00 37897526600   1 serial   NA   NA 24.35815 24.35815
57   1e-07 14474.56 37880819000   1 serial   NA   NA 24.35771 24.35771
58   1e-07 14459.68 38695353600   1 serial   NA   NA 24.37899 24.37899
59   1e-07 14561.41 38164475100   1 serial   NA   NA 24.36517 24.36517
60   1e-07 14462.73 37210235800   1 serial   NA   NA 24.33985 24.33985
61   1e-07 14383.00 37829533200   1 serial   NA   NA 24.35636 24.35636
62   1e-07 14464.92 37380006000   1 serial   NA   NA 24.34440 24.34440
63   1e-07 14383.00 37287653600   1 serial   NA   NA 24.34193 24.34193
64   1e-07 15142.34 39094674200   1 serial   NA   NA 24.38925 24.38925
65   1e-07 14383.00 37903363800   1 serial   NA   NA 24.35831 24.35831
66   1e-07 14383.00 37969159800   1 serial   NA   NA 24.36004 24.36004
67   1e-07 14558.36 38662057200   1 serial   NA   NA 24.37812 24.37812
68   1e-07 14512.88 38528727400   1 serial   NA   NA 24.37467 24.37467
69   1e-07 14406.12 37672707000   1 serial   NA   NA 24.35220 24.35220
70   1e-07 14383.00 38136237600   1 serial   NA   NA 24.36443 24.36443
71   1e-07 15066.10 38369125300   1 serial   NA   NA 24.37052 24.37052
72   1e-07 15153.77 38082899700   1 serial   NA   NA 24.36303 24.36303
73   1e-07 14621.99 37049959500   1 serial   NA   NA 24.33553 24.33553
74   1e-07 14519.33 37256073800   1 serial   NA   NA 24.34108 24.34108
75   1e-07 14383.00 37452870700   1 serial   NA   NA 24.34635 24.34635
76   1e-07 14406.12 38031710500   1 serial   NA   NA 24.36169 24.36169
77   1e-07 14406.12 37878093200   1 serial   NA   NA 24.35764 24.35764
78   1e-07 14383.00 37948900900   1 serial   NA   NA 24.35951 24.35951
79   1e-07 14383.00 37948494200   1 serial   NA   NA 24.35950 24.35950
80   1e-07 14711.98 38255928400   1 serial   NA   NA 24.36756 24.36756
81   1e-07 14383.00 38190521900   1 serial   NA   NA 24.36585 24.36585
82   1e-07 14624.87 37461612000   1 serial   NA   NA 24.34658 24.34658
83   1e-07 14453.35 37647998100   1 serial   NA   NA 24.35155 24.35155
84   1e-07 14487.68 38395713700   1 serial   NA   NA 24.37121 24.37121
85   1e-07 14549.51 40020620400   1 serial   NA   NA 24.41266 24.41266
86   1e-07 14497.38 37962380700   1 serial   NA   NA 24.35986 24.35986
87   1e-07 14383.00 39090815000   1 serial   NA   NA 24.38915 24.38915
88   1e-07 14383.00 38166083300   1 serial   NA   NA 24.36521 24.36521
89   1e-07 14482.31 37896403400   1 serial   NA   NA 24.35812 24.35812
90   1e-07 14383.00 37877741600   1 serial   NA   NA 24.35763 24.35763
91   1e-07 14383.00 37206256500   1 serial   NA   NA 24.33974 24.33974
92   1e-07 14439.77 37814115200   1 serial   NA   NA 24.35595 24.35595
93   1e-07 14510.24 38168108500   1 serial   NA   NA 24.36527 24.36527
94   1e-07 14852.90 38679536200   1 serial   NA   NA 24.37858 24.37858
95   1e-07 14406.12 37790062200   1 serial   NA   NA 24.35531 24.35531
96   1e-07 14406.12 37701476400   1 serial   NA   NA 24.35297 24.35297
97   1e-07 15056.12 39355569500   1 serial   NA   NA 24.39590 24.39590
98   1e-07 14497.68 37829315500   1 serial   NA   NA 24.35635 24.35635
99   1e-07 14383.00 38286979000   1 serial   NA   NA 24.36838 24.36838
100  1e-07 14383.00 37379879700   1 serial   NA   NA 24.34440 24.34440
101  1e-07 14560.98 38299593100   1 serial   NA   NA 24.36871 24.36871
102  1e-07 14406.12 37837472800   1 serial   NA   NA 24.35657 24.35657
103  1e-07 14440.63 37630418400   1 serial   NA   NA 24.35108 24.35108
104  1e-07 14441.79 37731391200   1 serial   NA   NA 24.35376 24.35376
105  1e-07 14441.79 37740062100   1 serial   NA   NA 24.35399 24.35399
106  1e-07 14383.00 38236271500   1 serial   NA   NA 24.36705 24.36705
107  1e-07 15162.93 38805471500   1 serial   NA   NA 24.38183 24.38183
108  1e-07 14383.00 37609904500   1 serial   NA   NA 24.35053 24.35053
109  1e-07 14526.63 38006481700   1 serial   NA   NA 24.36102 24.36102
110  1e-07 14503.50 37983220200   1 serial   NA   NA 24.36041 24.36041
111  1e-07 14510.24 37481911700   1 serial   NA   NA 24.34712 24.34712
112  1e-07 14383.00 37895081200   1 serial   NA   NA 24.35809 24.35809
113  1e-07 14383.00 38196650300   1 serial   NA   NA 24.36601 24.36601
114  1e-07 14510.24 38010071200   1 serial   NA   NA 24.36112 24.36112
115  1e-07 14383.00 37973039500   1 serial   NA   NA 24.36014 24.36014
116  1e-07 14497.38 37972053300   1 serial   NA   NA 24.36012 24.36012
117  1e-07 14406.12 37818342100   1 serial   NA   NA 24.35606 24.35606
118  1e-07 14383.00 37754722000   1 serial   NA   NA 24.35438 24.35438
119  1e-07 14472.82 36975413600   1 serial   NA   NA 24.33352 24.33352
120  1e-07 14510.24 37754462300   1 serial   NA   NA 24.35437 24.35437
121  1e-07 14406.12 37779495900   1 serial   NA   NA 24.35503 24.35503
122  1e-07 14597.27 37725560500   1 serial   NA   NA 24.35360 24.35360
123  1e-07 14406.12 38039927700   1 serial   NA   NA 24.36190 24.36190
124  1e-07 14406.12 37705512200   1 serial   NA   NA 24.35307 24.35307
125  1e-07 14383.00 38191477800   1 serial   NA   NA 24.36588 24.36588
126  1e-07 14406.12 37910206000   1 serial   NA   NA 24.35849 24.35849
127  1e-07 14383.00 38231468000   1 serial   NA   NA 24.36692 24.36692
128  1e-07 14383.00 38088400200   1 serial   NA   NA 24.36318 24.36318
129  1e-07 14383.00 38190462100   1 serial   NA   NA 24.36585 24.36585
130  1e-07 14383.00 37701469600   1 serial   NA   NA 24.35296 24.35296
131  1e-07 14555.60 37431470600   1 serial   NA   NA 24.34578 24.34578
132  1e-07 14406.12 38070776200   1 serial   NA   NA 24.36271 24.36271
133  1e-07 14383.00 37698859200   1 serial   NA   NA 24.35290 24.35290
134  1e-07 14487.68 38691333900   1 serial   NA   NA 24.37888 24.37888
135  1e-07 14493.79 37846917200   1 serial   NA   NA 24.35682 24.35682
136  1e-07 14383.00 37566528200   1 serial   NA   NA 24.34938 24.34938
137  1e-07 14383.00 38288313200   1 serial   NA   NA 24.36841 24.36841
138  1e-07 15164.11 37952113900   1 serial   NA   NA 24.35959 24.35959
139  1e-07 14383.00 37509074800   1 serial   NA   NA 24.34785 24.34785
140  1e-07 14580.66 37904975000   1 serial   NA   NA 24.35835 24.35835
    frac_score energy_bin work_bin
1     1.000000          0      226
2     1.000000          0      226
3     1.000000          0      226
4     1.012193          2      226
5     1.007563          1      226
6     1.013057          2      226
7     1.000000          0      226
8     1.030949          4      227
9     1.000000          0      226
10    1.000000          0      226
11    1.001608          1      226
12    1.000000          0      226
13    1.000000          0      226
14    1.000000          0      226
15    1.000000          0      226
16    1.000000          0      226
17    1.000000          0      226
18    1.000000          0      226
19    1.000000          0      226
20    1.000000          0      226
21    1.000000          0      226
22    1.000000          0      226
23    1.000000          0      226
24    1.000000          0      226
25    1.001608          1      226
26    1.003204          1      226
27    1.001608          1      226
28    1.000000          0      226
29    1.000000          0      226
30    1.000000          0      226
31    1.000000          0      226
32    1.000000          0      226
33    1.006905          1      226
34    1.001608          1      226
35    1.000000          0      226
36    1.000000          0      226
37    1.001608          1      226
38    1.000000          0      226
39    1.000000          0      226
40    1.000000          0      226
41    1.005634          1      244
42    1.000000          0      244
43    1.004027          1      244
44    1.004027          1      244
45    1.000000          0      244
46    1.000000          0      244
47    1.007762          1      244
48    1.000000          0      244
49    1.000000          0      244
50    1.000000          0      244
51    1.000000          0      244
52    1.000000          0      244
53    1.008379          1      244
54    1.003143          1      244
55    1.000000          0      244
56    1.000000          0      244
57    1.006366          1      244
58    1.005332          1      244
59    1.012404          2      244
60    1.005543          1      244
61    1.000000          0      244
62    1.005696          1      244
63    1.000000          0      244
64    1.052794          6      244
65    1.000000          0      244
66    1.000000          0      244
67    1.012193          2      244
68    1.009031          1      244
69    1.001608          1      244
70    1.000000          0      244
71    1.047494          5      244
72    1.053590          6      244
73    1.016616          2      244
74    1.009479          1      244
75    1.000000          0      244
76    1.001608          1      244
77    1.001608          1      244
78    1.000000          0      244
79    1.000000          0      244
80    1.022873          3      244
81    1.000000          0      244
82    1.016817          2      244
83    1.004891          1      244
84    1.007278          1      244
85    1.011577          2      245
86    1.007953          1      244
87    1.000000          0      244
88    1.000000          0      244
89    1.006905          1      244
90    1.000000          0      244
91    1.000000          0      244
92    1.003947          1      244
93    1.008847          1      244
94    1.032671          4      244
95    1.001608          1      244
96    1.001608          1      244
97    1.046800          5      244
98    1.007974          1      244
99    1.000000          0      244
100   1.000000          0      244
101   1.012374          2      244
102   1.001608          1      244
103   1.004007          1      244
104   1.004088          1      244
105   1.004088          1      244
106   1.000000          0      244
107   1.054226          6      244
108   1.000000          0      244
109   1.009986          1      244
110   1.008379          1      244
111   1.008847          1      244
112   1.000000          0      244
113   1.000000          0      244
114   1.008847          1      244
115   1.000000          0      244
116   1.007953          1      244
117   1.001608          1      244
118   1.000000          0      244
119   1.006245          1      244
120   1.008847          1      244
121   1.001608          1      244
122   1.014898          2      244
123   1.001608          1      244
124   1.001608          1      244
125   1.000000          0      244
126   1.001608          1      244
127   1.000000          0      244
128   1.000000          0      244
129   1.000000          0      244
130   1.000000          0      244
131   1.012000          2      244
132   1.001608          1      244
133   1.000000          0      244
134   1.007278          1      244
135   1.007703          1      244
136   1.000000          0      244
137   1.000000          1      244
138   1.054308          6      244
139   1.000000          0      244
140   1.013743          2      244
