[1] -25000
[1] -5000

Call:
lm(formula = data_s[which(data_s$lambda < 0.01), ]$log_I ~ log(data_s[which(data_s$lambda < 
    0.01), ]$lambda))

Residuals:
      Min        1Q    Median        3Q       Max 
-0.190337 -0.018707  0.000657  0.019809  0.224046 

Coefficients:
                                                    Estimate Std. Error t value
(Intercept)                                        8.944e+00  8.036e-04   11130
log(data_s[which(data_s$lambda < 0.01), ]$lambda) -1.000e+00  7.823e-05  -12787
                                                  Pr(>|t|)    
(Intercept)                                         <2e-16 ***
log(data_s[which(data_s$lambda < 0.01), ]$lambda)   <2e-16 ***
---
Signif. codes:  0 ‘***’ 0.001 ‘**’ 0.01 ‘*’ 0.05 ‘.’ 0.1 ‘ ’ 1

Residual standard error: 0.03314 on 17002 degrees of freedom
Multiple R-squared:  0.9999,	Adjusted R-squared:  0.9999 
F-statistic: 1.635e+08 on 1 and 17002 DF,  p-value: < 2.2e-16


Call:
lm(formula = data_s$log_I ~ log(data_s$lambda) + I(log(data_s$lambda)^2))

Residuals:
     Min       1Q   Median       3Q      Max 
-2.97121 -0.14071  0.03781  0.11606  0.95900 

Coefficients:
                          Estimate Std. Error t value Pr(>|t|)    
(Intercept)              9.8672775  0.0033849  2915.1   <2e-16 ***
log(data_s$lambda)      -0.7867704  0.0010290  -764.6   <2e-16 ***
I(log(data_s$lambda)^2)  0.0108002  0.0000656   164.6   <2e-16 ***
---
Signif. codes:  0 ‘***’ 0.001 ‘**’ 0.01 ‘*’ 0.05 ‘.’ 0.1 ‘ ’ 1

Residual standard error: 0.1952 on 24201 degrees of freedom
Multiple R-squared:  0.998,	Adjusted R-squared:  0.998 
F-statistic: 5.945e+06 on 2 and 24201 DF,  p-value: < 2.2e-16

 [1] 1000   50   10 1000  100  100  100 1000 1000  100
  m_0 bin_E  P m_1 scheme
1 100     1 10  NA    cdr
2  10     1 10  NA    cdr
3 200     1 10  NA    cdr
4  20     1 10  NA    cdr
5  30     1 10  NA    cdr
6  40     1 10  NA    cdr
      m_0 bin_E   P  m_1 scheme
1440  100    15 100  100    hsa
1441 1000    16 100  100    hsa
1442   50    16 100  100    hsa
1443   10    16 100 1000    hsa
1444 1000    16 100 1000    hsa
1445  100    16 100  100    hsa
[1] "we have got here"
[1] "we have succeeded"
  m_0 P scheme m_1
1 100 5    cdr  NA
2  10 5    cdr  NA
3  15 5    cdr  NA
4  17 5    cdr  NA
5  20 5    cdr  NA
6  30 5    cdr  NA
    m_0   P scheme  m_1
1   100   5    cdr   NA
2    10   5    cdr   NA
3    15   5    cdr   NA
4    17   5    cdr   NA
5    20   5    cdr   NA
6    30   5    cdr   NA
7    40   5    cdr   NA
8    50   5    cdr   NA
9     5   5    cdr   NA
10  100  10    cdr   NA
11   10  10    cdr   NA
12  200  10    cdr   NA
13   20  10    cdr   NA
14   30  10    cdr   NA
15   40  10    cdr   NA
16   50  10    cdr   NA
17    5  10    cdr   NA
18   60  10    cdr   NA
19   70  10    cdr   NA
20   80  10    cdr   NA
21  100  20    cdr   NA
22   10  20    cdr   NA
23  150  20    cdr   NA
24  200  20    cdr   NA
25   20  20    cdr   NA
26   30  20    cdr   NA
27   40  20    cdr   NA
28   50  20    cdr   NA
29   60  20    cdr   NA
30   65  20    cdr   NA
31   70  20    cdr   NA
32   80  20    cdr   NA
33   90  20    cdr   NA
34 1000  20    hsa 1000
35  100  20    hsa 1000
36   10  20    hsa 1000
37   50  20    hsa 1000
38 1000  20    hsa  100
39  100  20    hsa  100
40   10  20    hsa  100
41   50  20    hsa  100
42 1000  20    hsa   10
43  100  20    hsa   10
44   10  20    hsa   10
45   50  20    hsa   10
46 1000  20    hsa   50
47  100  20    hsa   50
48   10  20    hsa   50
49   50  20    hsa   50
50 1000 100    hsa  100
51   50 100    hsa  100
52   10 100    hsa 1000
53 1000 100    hsa 1000
54  100 100    hsa  100
[1] "We got this far 2"
[1] 20
[1] 1000
[1] 1000
[1] 0.1
[1] 0
      m_0 bin_E  P  m_1 scheme density
562  1000   213 20 1000    hsa   0.000
578  1000   212 20 1000    hsa   0.000
594  1000   214 20 1000    hsa   0.000
610  1000   215 20 1000    hsa   0.000
626  1000   216 20 1000    hsa   0.000
642  1000   217 20 1000    hsa   0.000
658  1000   218 20 1000    hsa   0.000
674  1000   219 20 1000    hsa   0.000
690  1000   220 20 1000    hsa   0.000
706  1000   221 20 1000    hsa   0.025
722  1000   222 20 1000    hsa   0.000
738  1000   223 20 1000    hsa   0.200
754  1000   224 20 1000    hsa   0.175
770  1000   225 20 1000    hsa   0.325
786  1000   226 20 1000    hsa   0.175
802  1000   227 20 1000    hsa   0.100
818  1000   228 20 1000    hsa   0.000
1004 1000   213 20 1000    hsa   0.000
1020 1000   212 20 1000    hsa   0.000
1036 1000   214 20 1000    hsa   0.000
1052 1000   215 20 1000    hsa   0.000
1068 1000   216 20 1000    hsa   0.000
1084 1000   217 20 1000    hsa   0.000
1100 1000   218 20 1000    hsa   0.000
1116 1000   219 20 1000    hsa   0.000
1132 1000   220 20 1000    hsa   0.000
1148 1000   221 20 1000    hsa   0.025
1164 1000   222 20 1000    hsa   0.000
1180 1000   223 20 1000    hsa   0.200
1196 1000   224 20 1000    hsa   0.175
1212 1000   225 20 1000    hsa   0.325
1228 1000   226 20 1000    hsa   0.175
1244 1000   227 20 1000    hsa   0.100
1260 1000   228 20 1000    hsa   0.000
      lambda bin density
1        0.1   1    0.00
244      0.1   2    0.00
487      0.1   3    0.00
730      0.1   4    0.00
973      0.1   5    0.00
1216     0.1   6    0.00
1459     0.1   7    0.00
1702     0.1   8    0.00
1945     0.1   9    0.00
2188     0.1  10    0.00
2431     0.1  11    0.00
2674     0.1  12    0.00
2917     0.1  13    0.00
3160     0.1  14    0.00
3403     0.1  15    0.00
3646     0.1  16    0.00
3889     0.1  17    0.00
4132     0.1  18    0.00
4375     0.1  19    0.00
4618     0.1  20    0.00
4861     0.1  21    0.00
5104     0.1  22    0.00
5347     0.1  23    0.00
5590     0.1  24    0.00
5833     0.1  25    0.00
6076     0.1  26    0.00
6319     0.1  27    0.00
6562     0.1  28    0.00
6805     0.1  29    0.00
7048     0.1  30    0.00
7291     0.1  31    0.00
7534     0.1  32    0.00
7777     0.1  33    0.00
8020     0.1  34    0.00
8263     0.1  35    0.00
8506     0.1  36    0.00
8749     0.1  37    0.00
8992     0.1  38    0.00
9235     0.1  39    0.00
9478     0.1  40    0.00
9721     0.1  41    0.00
9964     0.1  42    0.00
10207    0.1  43    0.00
10450    0.1  44    0.00
10693    0.1  45    0.00
10936    0.1  46    0.00
11179    0.1  47    0.00
11422    0.1  48    0.00
11665    0.1  49    0.00
11908    0.1  50    0.00
12151    0.1  51    0.00
12394    0.1  52    0.00
12637    0.1  53    0.00
12880    0.1  54    0.00
13123    0.1  55    0.00
13366    0.1  56    0.00
13609    0.1  57    0.00
13852    0.1  58    0.00
14095    0.1  59    0.00
14338    0.1  60    0.00
14581    0.1  61    0.00
14824    0.1  62    0.00
15067    0.1  63    0.00
15310    0.1  64    0.00
15553    0.1  65    0.00
15796    0.1  66    0.00
16039    0.1  67    0.00
16282    0.1  68    0.00
16525    0.1  69    0.00
16768    0.1  70    0.00
17011    0.1  71    0.00
17254    0.1  72    0.00
17497    0.1  73    0.00
17740    0.1  74    0.00
17983    0.1  75    0.00
18226    0.1  76    0.00
18469    0.1  77    0.00
18712    0.1  78    0.00
18955    0.1  79    0.00
19198    0.1  80    0.00
19441    0.1  81    0.00
19684    0.1  82    0.00
19927    0.1  83    0.00
20170    0.1  84    0.00
20413    0.1  85    0.00
20656    0.1  86    0.00
20899    0.1  87    0.00
21142    0.1  88    0.00
21385    0.1  89    0.00
21628    0.1  90    0.00
21871    0.1  91    0.00
22114    0.1  92    0.00
22357    0.1  93    0.00
22600    0.1  94    0.00
22843    0.1  95    0.00
23086    0.1  96    0.00
23329    0.1  97    0.00
23572    0.1  98    0.00
23815    0.1  99    0.00
24058    0.1 100    0.00
24301    0.1 101    0.00
24544    0.1 102    0.00
24787    0.1 103    0.00
25030    0.1 104    0.00
25273    0.1 105    0.01
25516    0.1 106    0.00
25759    0.1 107    0.00
26002    0.1 108    0.00
26245    0.1 109    0.00
26488    0.1 110    0.00
26731    0.1 111    0.00
26974    0.1 112    0.00
27217    0.1 113    0.00
27460    0.1 114    0.00
27703    0.1 115    0.02
27946    0.1 116    0.00
28189    0.1 117    0.01
28432    0.1 118    0.01
28675    0.1 119    0.00
28918    0.1 120    0.01
29161    0.1 121    0.00
29404    0.1 122    0.00
29647    0.1 123    0.01
29890    0.1 124    0.01
30133    0.1 125    0.02
30376    0.1 126    0.02
30619    0.1 127    0.00
30862    0.1 128    0.00
31105    0.1 129    0.02
31348    0.1 130    0.02
31591    0.1 131    0.00
31834    0.1 132    0.03
32077    0.1 133    0.01
32320    0.1 134    0.02
32563    0.1 135    0.02
32806    0.1 136    0.03
33049    0.1 137    0.04
33292    0.1 138    0.04
33535    0.1 139    0.02
33778    0.1 140    0.00
34021    0.1 141    0.04
34264    0.1 142    0.02
34507    0.1 143    0.04
34750    0.1 144    0.02
34993    0.1 145    0.02
35236    0.1 146    0.07
35479    0.1 147    0.03
35722    0.1 148    0.03
35965    0.1 149    0.01
36208    0.1 150    0.03
36451    0.1 151    0.01
36694    0.1 152    0.03
36937    0.1 153    0.03
37180    0.1 154    0.03
37423    0.1 155    0.03
37666    0.1 156    0.03
37909    0.1 157    0.02
38152    0.1 158    0.01
38395    0.1 159    0.02
38638    0.1 160    0.01
38881    0.1 161    0.03
39124    0.1 162    0.03
39367    0.1 163    0.01
39610    0.1 164    0.00
39853    0.1 165    0.00
40096    0.1 166    0.01
40339    0.1 167    0.00
40582    0.1 168    0.00
40825    0.1 169    0.01
41068    0.1 170    0.00
41311    0.1 171    0.01
41554    0.1 172    0.00
41797    0.1 173    0.00
42040    0.1 174    0.00
42283    0.1 175    0.00
42526    0.1 176    0.00
42769    0.1 177    0.00
43012    0.1 178    0.00
43255    0.1 179    0.00
43498    0.1 180    0.00
43741    0.1 181    0.00
43984    0.1 182    0.00
44227    0.1 183    0.00
44470    0.1 184    0.00
44713    0.1 185    0.00
44956    0.1 186    0.00
45199    0.1 187    0.00
45442    0.1 188    0.00
45685    0.1 189    0.00
45928    0.1 190    0.00
46171    0.1 191    0.00
46414    0.1 192    0.00
46657    0.1 193    0.00
46900    0.1 194    0.00
47143    0.1 195    0.00
47386    0.1 196    0.00
47629    0.1 197    0.00
47872    0.1 198    0.00
48115    0.1 199    0.00
48358    0.1 200    0.00
48601    0.1 201    0.00
48844    0.1 202    0.00
49087    0.1 203    0.00
49330    0.1 204    0.00
49573    0.1 205    0.00
49816    0.1 206    0.00
50059    0.1 207    0.00
50302    0.1 208    0.00
50545    0.1 209    0.00
50788    0.1 210    0.00
51031    0.1 211    0.00
51274    0.1 212    0.00
51517    0.1 213    0.00
51760    0.1 214    0.00
52003    0.1 215    0.00
52246    0.1 216    0.00
52489    0.1 217    0.00
52732    0.1 218    0.00
52975    0.1 219    0.00
53218    0.1 220    0.00
53461    0.1 221    0.00
53704    0.1 222    0.00
53947    0.1 223    0.00
54190    0.1 224    0.00
54433    0.1 225    0.00
54676    0.1 226    0.00
54919    0.1 227    0.00
55162    0.1 228    0.00
[1] 0 0
[1] 0 0
[1] 0 0
[1] 0 0
[1] 0 0
[1] 0 0
[1] 0 0
[1] 0 0
[1] 0 0
[1] 0.025 0.025
[1] 0.025 0.025
[1] 0.225 0.225
[1] 0.4 0.4
[1] 0.725 0.725
[1] 0.9 0.9
[1] 1 1
[1] 1 1
[1] 1 1
[1] 1 1
[1] 1 1
[1] 1 1
[1] 1 1
[1] 1 1
[1] 1 1
[1] 1 1
[1] 1 1
[1] 1 1
[1] 1 1
[1] 1 1
[1] 1 1
[1] 1 1
[1] 1 1
[1] 1 1
[1] 1 1
[1] 1 1
[1] 1 1
[1] 1 1
[1] 1 1
[1] 1 1
[1] 1 1
[1] 1 1
[1] 1 1
[1] 1 1
[1] 1 1
[1] 1 1
[1] 1 1
[1] 1 1
[1] 1 1
[1] 1 1
[1] 1 1
[1] 1 1
[1] 1 1
[1] 1 1
[1] 1 1
[1] 1 1
[1] 1 1
[1] 1 1
[1] 1 1
[1] 1 1
[1] 1 1
[1] 1 1
[1] 1 1
[1] 1 1
[1] 1 1
[1] 1 1
[1] 1 1
[1] 1 1
[1] 1 1
[1] 1 1
[1] 1 1
[1] 1 1
[1] 1 1
[1] 1 1
[1] 1 1
[1] 1 1
[1] 1 1
[1] 1 1
[1] 1 1
[1] 1 1
[1] 1 1
[1] 1 1
[1] 1 1
[1] 1 1
[1] 1 1
[1] 1 1
[1] 1 1
[1] 1 1
[1] 1 1
[1] 1 1
[1] 1 1
[1] 1 1
[1] 1 1
[1] 1 1
[1] 1 1
[1] 1 1
[1] 1 1
[1] 1 1
[1] 1 1
[1] 1 1
[1] 1 1
[1] 1 1
[1] 1 1
[1] 1 1
[1] 1 1
[1] 1 1
[1] 1 1
[1] 1 1
[1] 1 1
[1] 1 1
[1] 1 1
[1] 1 1
[1] 1 1
[1] 1 1
[1] 1 1
[1] 1 1
[1] 1 1
[1] 1 1
[1] 1 1
[1] 1 1
[1] 1 1
[1] 1 1
[1] 1.01 1.01
[1] 1.01 1.01
[1] 1.01 1.01
[1] 1.01 1.01
[1] 1.01 1.01
[1] 1.01 1.01
[1] 1.01 1.01
[1] 1.01 1.01
[1] 1.01 1.01
[1] 1.01 1.01
[1] 1.03 1.03
[1] 1.03 1.03
[1] 1.04 1.04
[1] 1.05 1.05
[1] 1.05 1.05
[1] 1.06 1.06
[1] 1.06 1.06
[1] 1.06 1.06
[1] 1.07 1.07
[1] 1.08 1.08
[1] 1.1 1.1
[1] 1.12 1.12
[1] 1.12 1.12
[1] 1.12 1.12
[1] 1.14 1.14
[1] 1.16 1.16
[1] 1.16 1.16
[1] 1.19 1.19
[1] 1.2 1.2
[1] 1.22 1.22
[1] 1.24 1.24
[1] 1.27 1.27
[1] 1.31 1.31
[1] 1.35 1.35
[1] 1.37 1.37
[1] 1.37 1.37
[1] 1.41 1.41
[1] 1.43 1.43
[1] 1.47 1.47
[1] 1.49 1.49
[1] 1.51 1.51
[1] 1.58 1.58
[1] 1.61 1.61
[1] 1.64 1.64
[1] 1.65 1.65
[1] 1.68 1.68
[1] 1.69 1.69
[1] 1.72 1.72
[1] 1.75 1.75
[1] 1.78 1.78
[1] 1.81 1.81
[1] 1.84 1.84
[1] 1.86 1.86
[1] 1.87 1.87
[1] 1.89 1.89
[1] 1.9 1.9
[1] 1.93 1.93
[1] 1.96 1.96
[1] 1.97 1.97
[1] 1.97 1.97
[1] 1.97 1.97
[1] 1.98 1.98
[1] 1.98 1.98
[1] 1.98 1.98
[1] 1.99 1.99
[1] 1.99 1.99
[1] 2 2
[1] 2 2
[1] 2 2
[1] 2 2
[1] 2 2
[1] 2 2
[1] 2 2
[1] 2 2
[1] 2 2
[1] 2 2
[1] 2 2
[1] 2 2
[1] 2 2
[1] 2 2
[1] 2 2
[1] 2 2
[1] 2 2
[1] 2 2
[1] 2 2
[1] 2 2
[1] 2 2
[1] 2 2
[1] 2 2
[1] 2 2
[1] 2 2
[1] 2 2
[1] 2 2
[1] 2 2
[1] 2 2
[1] 2 2
[1] 2 2
[1] 2 2
[1] 2 2
[1] 2 2
[1] 2 2
[1] 2 2
[1] 2 2
[1] 2 2
[1] 2 2
[1] 2 2
[1] 2 2
[1] 1 1
