m_0 m_1 E I
1000 1000 -868.689654 75105000 
1000 1000 -868.689654 75105000 
1000 1000 -868.689654 75105000 
1000 1000 -868.689654 75105000 
1000 1000 -867.824994 75105000 
1000 1000 -868.689654 75105000 
1000 1000 -868.689654 75105000 
1000 1000 -868.689654 75105000 
1000 1000 -868.689654 75105000 
1000 1000 -866.367230 70105000 
1000 1000 -863.932459 70105000 
1000 1000 -868.689654 75105000 
1000 1000 -868.689654 75105000 
1000 1000 -868.689654 75105000 
1000 1000 -868.689654 75105000 
1000 1000 -864.449862 70105000 
1000 1000 -868.689654 75105000 
1000 1000 -868.689654 75105000 
1000 1000 -868.689654 75105000 
1000 1000 -864.410918 70105000 
1000 1000 -864.496326 70105000 
1000 1000 -868.689654 75105000 
1000 1000 -864.223594 70105000 
1000 1000 -866.372351 75105000 
1000 1000 -868.689654 75105000 
1000 1000 -868.689654 75105000 
1000 1000 -866.199329 75105000 
1000 1000 -868.689654 75105000 
1000 1000 -868.689654 75105000 
1000 1000 -864.496326 75105000 
1000 1000 -868.689654 75105000 
1000 1000 -864.406038 70105000 
1000 1000 -868.689654 75105000 
1000 1000 -868.689654 75105000 
1000 1000 -864.381728 75105000 
1000 1000 -866.372351 75105000 
1000 1000 -864.430842 70105000 
1000 1000 -867.451004 75105000 
1000 1000 -867.824994 75105000 
1000 1000 -868.689654 70105000 
1000 1000 -868.689654 75105000 
1000 1000 -866.331745 75105000 
1000 1000 -868.689654 70105000 
1000 1000 -866.118144 75105000 
1000 1000 -868.689654 75105000 
1000 1000 -864.457382 70105000 
1000 1000 -868.689654 75105000 
1000 1000 -867.824994 75105000 
1000 1000 -866.372351 75105000 
1000 1000 -863.957264 70105000 
1000 1000 -864.406038 70105000 
1000 1000 -868.689654 75105000 
1000 1000 -866.336867 75105000 
1000 1000 -865.217004 75105000 
1000 1000 -868.689654 75105000 
1000 1000 -868.689654 75105000 
1000 1000 -868.689654 75105000 
1000 1000 -868.689654 75105000 
1000 1000 -864.457382 70105000 
1000 1000 -864.384379 70105000 
1000 1000 -868.689654 75105000 
1000 1000 -868.689654 75105000 
1000 1000 -868.689654 75105000 
1000 1000 -864.406038 70105000 
1000 1000 -867.824994 75105000 
1000 1000 -864.406038 70105000 
1000 1000 -868.689654 75105000 
1000 1000 -866.331745 75105000 
1000 1000 -864.022747 70105000 
1000 1000 -868.689654 70105000 
1000 1000 -868.689654 75105000 
1000 1000 -868.689654 75105000 
1000 1000 -864.449862 70105000 
1000 1000 -866.367230 70105000 
1000 1000 -868.689654 75105000 
1000 1000 -867.451004 75105000 
1000 1000 -868.689654 75105000 
1000 1000 -864.449862 70105000 
1000 1000 -868.689654 75105000 
1000 1000 -868.689654 75105000 
1000 1000 -865.644310 75105000 
1000 1000 -868.689654 75105000 
1000 1000 -864.457382 70105000 
1000 1000 -864.381728 70105000 
1000 1000 -864.367094 75105000 
1000 1000 -868.689654 70105000 
1000 1000 -864.449862 70105000 
1000 1000 -868.689654 75105000 
1000 1000 -868.635795 70105000 
1000 1000 -868.689654 75105000 
1000 1000 -868.689654 75105000 
1000 1000 -867.451004 75105000 
1000 1000 -868.689654 75105000 
1000 1000 -868.689654 75105000 
1000 1000 -868.689654 75105000 
1000 1000 -868.689654 70105000 
1000 1000 -868.689654 75105000 
1000 1000 -868.689654 75105000 
1000 1000 -867.824994 75105000 
1000 1000 -864.022747 70105000 
100 1000 -864.223594 33605000 
100 1000 -865.481720 33105000 
100 1000 -864.600761 35105000 
100 1000 -864.381728 34105000 
100 1000 -868.689654 35105000 
100 1000 -865.746241 33105000 
100 1000 -868.689654 33105000 
100 1000 -868.689654 33605000 
100 1000 -868.689654 34105000 
100 1000 -864.381728 34605000 
100 1000 -868.689654 33105000 
100 1000 -865.481720 33105000 
100 1000 -868.669269 34105000 
100 1000 -865.481720 33105000 
100 1000 -866.796731 35105000 
100 1000 -868.689654 34605000 
100 1000 -868.689654 33605000 
100 1000 -862.387748 32105000 
100 1000 -863.344949 31605000 
100 1000 -868.689654 34605000 
100 1000 -864.457382 34105000 
100 1000 -863.351445 33605000 
100 1000 -866.757495 33105000 
100 1000 -863.007789 34605000 
100 1000 -864.410918 33605000 
100 1000 -864.457382 31605000 
100 1000 -866.199329 32105000 
100 1000 -868.689654 34605000 
100 1000 -867.897766 34105000 
100 1000 -867.451004 35605000 
100 1000 -866.336867 32605000 
100 1000 -864.496326 33605000 
100 1000 -865.746241 32605000 
100 1000 -868.689654 34105000 
100 1000 -863.932459 33105000 
100 1000 -868.689654 33605000 
100 1000 -868.689654 34105000 
100 1000 -865.481720 33105000 
100 1000 -868.689654 34605000 
100 1000 -865.217004 33105000 
100 1000 -863.989736 33605000 
100 1000 -868.689654 34605000 
100 1000 -865.481720 31605000 
100 1000 -864.430842 33105000 
100 1000 -864.335763 33105000 
100 1000 -865.563124 32105000 
100 1000 -868.689654 33605000 
100 1000 -866.331745 31605000 
100 1000 -864.381728 34605000 
100 1000 -864.457382 33605000 
100 1000 -866.118144 31105000 
100 1000 -868.689654 34605000 
100 1000 -868.669269 34105000 
100 1000 -865.217004 32605000 
100 1000 -864.406038 33605000 
100 1000 -865.701983 32605000 
100 1000 -865.481720 32105000 
100 1000 -868.689654 34105000 
100 1000 -868.669269 34105000 
100 1000 -863.927668 34105000 
100 1000 -862.657425 33605000 
100 1000 -864.381728 33605000 
100 1000 -866.758361 34605000 
100 1000 -866.185828 31605000 
100 1000 -866.336867 32105000 
100 1000 -865.481720 32105000 
100 1000 -868.669269 34105000 
100 1000 -864.381728 33605000 
100 1000 -868.689654 34605000 
100 1000 -864.430842 33605000 
100 1000 -868.669269 34105000 
100 1000 -862.822993 34105000 
100 1000 -864.381728 34105000 
100 1000 -864.449862 33105000 
100 1000 -867.824994 33605000 
100 1000 -863.416890 34105000 
100 1000 -864.022747 33605000 
100 1000 -867.824994 33605000 
100 1000 -862.516195 36105000 
100 1000 -866.372351 31605000 
100 1000 -867.824994 33105000 
100 1000 -863.218461 34105000 
100 1000 -866.796731 34605000 
100 1000 -868.689654 33605000 
100 1000 -868.689654 33605000 
100 1000 -868.669269 34605000 
100 1000 -864.406038 34105000 
100 1000 -868.689654 34105000 
100 1000 -864.022747 33105000 
100 1000 -864.449862 34105000 
100 1000 -864.381728 33105000 
100 1000 -867.144823 34605000 
100 1000 -864.410918 33605000 
100 1000 -868.689654 34105000 
100 1000 -868.669269 34105000 
100 1000 -864.406038 33605000 
100 1000 -865.481720 32605000 
100 1000 -868.689654 34105000 
100 1000 -865.265634 32605000 
100 1000 -868.689654 34605000 
10 1000 -863.932459 18655000 
10 1000 -865.217004 18455000 
10 1000 -868.689654 20305000 
10 1000 -860.909319 19605000 
10 1000 -866.953980 19755000 
10 1000 -867.274001 19905000 
10 1000 -866.331745 18655000 
10 1000 -864.430842 19905000 
10 1000 -866.190949 18405000 
10 1000 -865.644310 19205000 
10 1000 -864.381728 20155000 
10 1000 -866.379227 19755000 
10 1000 -865.998176 18555000 
10 1000 -866.331745 17805000 
10 1000 -864.223594 19905000 
10 1000 -864.449862 18905000 
10 1000 -866.704702 19405000 
10 1000 -863.457733 18455000 
10 1000 -864.521051 20105000 
10 1000 -867.357393 19805000 
10 1000 -867.451004 21755000 
10 1000 -864.457382 19305000 
10 1000 -865.217004 18105000 
10 1000 -863.346580 18755000 
10 1000 -866.185828 17505000 
10 1000 -865.217004 17955000 
10 1000 -861.982035 19455000 
10 1000 -865.481720 17955000 
10 1000 -868.689654 19305000 
10 1000 -864.022747 19255000 
10 1000 -864.496326 19155000 
10 1000 -864.496326 18605000 
10 1000 -867.274001 20455000 
10 1000 -866.199329 18005000 
10 1000 -866.037363 21705000 
10 1000 -863.575126 20205000 
10 1000 -865.217004 18305000 
10 1000 -863.043529 22105000 
10 1000 -866.331745 18405000 
10 1000 -866.796731 20155000 
10 1000 -866.199329 17305000 
10 1000 -866.367230 17555000 
10 1000 -863.932459 19905000 
10 1000 -864.955712 17805000 
10 1000 -856.755142 19355000 
10 1000 -863.416890 19305000 
10 1000 -868.689654 20305000 
10 1000 -864.496326 19555000 
10 1000 -859.155718 18755000 
10 1000 -864.410918 18505000 
10 1000 -866.336867 17955000 
10 1000 -866.331745 18455000 
10 1000 -865.481720 17655000 
10 1000 -864.496326 19755000 
10 1000 -866.118144 17255000 
10 1000 -867.274001 20505000 
10 1000 -868.244970 18655000 
10 1000 -866.331745 17905000 
10 1000 -868.669269 19105000 
10 1000 -863.856051 18455000 
10 1000 -864.381728 20255000 
10 1000 -864.926701 17905000 
10 1000 -867.451004 20805000 
10 1000 -862.560635 18805000 
10 1000 -867.124439 19305000 
10 1000 -865.250160 18805000 
10 1000 -864.022747 19505000 
10 1000 -865.644310 17705000 
10 1000 -865.265634 17955000 
10 1000 -867.274001 20305000 
10 1000 -866.953980 20305000 
10 1000 -864.223594 19555000 
10 1000 -865.252126 17605000 
10 1000 -864.381728 19855000 
10 1000 -865.481720 18255000 
10 1000 -866.091612 20005000 
10 1000 -864.926701 18405000 
10 1000 -865.701983 19105000 
10 1000 -865.217004 17905000 
10 1000 -866.331745 17955000 
10 1000 -864.912067 20005000 
10 1000 -864.401247 19555000 
10 1000 -863.007789 21655000 
10 1000 -865.563124 17055000 
10 1000 -859.828313 17755000 
10 1000 -866.199329 17755000 
10 1000 -863.866976 19255000 
10 1000 -866.367230 17705000 
10 1000 -865.481720 18105000 
10 1000 -866.367230 17555000 
10 1000 -863.416890 18655000 
10 1000 -865.217004 18855000 
10 1000 -865.644310 18455000 
10 1000 -865.028633 18655000 
10 1000 -865.252126 18755000 
10 1000 -864.381728 20505000 
10 1000 -864.223594 20055000 
10 1000 -864.430842 19355000 
10 1000 -866.190949 17555000 
10 1000 -867.274001 20355000 
50 1000 -865.217004 26355000 
50 1000 -868.689654 27855000 
50 1000 -863.932459 27605000 
50 1000 -867.451004 28605000 
50 1000 -866.796731 28605000 
50 1000 -864.406038 25605000 
50 1000 -868.689654 27855000 
50 1000 -858.983254 27105000 
50 1000 -864.381728 27855000 
50 1000 -864.496326 27605000 
50 1000 -864.496326 26855000 
50 1000 -864.381728 27855000 
50 1000 -864.381728 28855000 
50 1000 -868.669269 27605000 
50 1000 -867.824994 27605000 
50 1000 -866.367230 25855000 
50 1000 -863.542608 26605000 
50 1000 -866.155465 26605000 
50 1000 -864.496326 26855000 
50 1000 -864.449862 26855000 
50 1000 -868.689654 28105000 
50 1000 -865.644310 26605000 
50 1000 -866.190949 25855000 
50 1000 -863.323454 26855000 
50 1000 -863.416890 28355000 
50 1000 -865.252126 26355000 
50 1000 -866.372351 25355000 
50 1000 -864.406038 27355000 
50 1000 -864.532735 26855000 
50 1000 -865.644310 25855000 
50 1000 -864.410918 26355000 
50 1000 -865.210038 26355000 
50 1000 -865.644310 25605000 
50 1000 -867.824994 26605000 
50 1000 -868.689654 27355000 
50 1000 -865.318935 25855000 
50 1000 -865.481720 26855000 
50 1000 -863.957264 27605000 
50 1000 -867.824994 26105000 
50 1000 -864.367094 27355000 
50 1000 -866.118144 25105000 
50 1000 -866.199329 25605000 
50 1000 -864.381728 28355000 
50 1000 -867.451004 29105000 
50 1000 -868.689654 28105000 
50 1000 -866.336867 25855000 
50 1000 -867.144823 27855000 
50 1000 -868.689654 27355000 
50 1000 -865.554907 25855000 
50 1000 -865.217004 26605000 
50 1000 -864.457382 26605000 
50 1000 -868.669269 27605000 
50 1000 -865.563124 25855000 
50 1000 -868.689654 27605000 
50 1000 -866.372351 25605000 
50 1000 -863.218461 27105000 
50 1000 -868.689654 27855000 
50 1000 -868.689654 27605000 
50 1000 -868.669269 27855000 
50 1000 -866.372351 26105000 
50 1000 -861.966776 27355000 
50 1000 -868.689654 28355000 
50 1000 -866.199329 25355000 
50 1000 -863.542608 27355000 
50 1000 -864.457382 27355000 
50 1000 -862.865374 27605000 
50 1000 -867.897766 27855000 
50 1000 -863.326187 27605000 
50 1000 -866.185828 25605000 
50 1000 -866.367230 25605000 
50 1000 -865.481720 26355000 
50 1000 -864.701380 27855000 
50 1000 -863.416890 28105000 
50 1000 -868.689654 28355000 
50 1000 -867.824994 27355000 
50 1000 -864.381728 26355000 
50 1000 -866.796731 26605000 
50 1000 -864.449862 27355000 
50 1000 -862.969757 29355000 
50 1000 -868.669269 28105000 
50 1000 -864.449862 26355000 
50 1000 -864.837298 26355000 
50 1000 -864.276798 27355000 
50 1000 -864.831818 25855000 
50 1000 -866.367230 25105000 
50 1000 -868.689654 26605000 
50 1000 -864.401247 27355000 
50 1000 -863.460730 25105000 
50 1000 -868.689654 26105000 
50 1000 -868.689654 26855000 
50 1000 -862.931277 28105000 
50 1000 -864.410918 25855000 
50 1000 -868.669269 26855000 
50 1000 -862.785141 28605000 
50 1000 -867.451004 29105000 
50 1000 -863.484273 27355000 
50 1000 -867.451004 28605000 
50 1000 -866.331745 25855000 
50 1000 -865.217004 26855000 
50 1000 -866.199329 25855000 
1000 100 -868.689654 72605000 
1000 100 -868.689654 70105000 
1000 100 -868.689654 71605000 
1000 100 -865.644310 70605000 
1000 100 -867.451004 76105000 
1000 100 -868.689654 71605000 
1000 100 -868.689654 72105000 
1000 100 -864.496326 70605000 
1000 100 -868.689654 71105000 
1000 100 -864.496326 71105000 
1000 100 -865.217004 71105000 
1000 100 -868.689654 70605000 
1000 100 -868.689654 72605000 
1000 100 -868.689654 72105000 
1000 100 -868.689654 71105000 
1000 100 -864.381728 69105000 
1000 100 -868.689654 70105000 
1000 100 -864.406038 69605000 
1000 100 -865.481720 70605000 
1000 100 -864.496326 70105000 
1000 100 -868.689654 71105000 
1000 100 -868.689654 71105000 
1000 100 -868.689654 72105000 
1000 100 -864.406038 69605000 
1000 100 -867.824994 72605000 
1000 100 -868.689654 70605000 
1000 100 -868.689654 70605000 
1000 100 -865.481720 70605000 
1000 100 -868.689654 72105000 
1000 100 -863.866976 68105000 
1000 100 -864.406038 70105000 
1000 100 -864.496326 68105000 
1000 100 -868.689654 70605000 
1000 100 -868.689654 72105000 
1000 100 -868.689654 71105000 
1000 100 -868.689654 71605000 
1000 100 -863.542608 69605000 
1000 100 -864.496326 70105000 
1000 100 -863.932459 68105000 
1000 100 -868.689654 71605000 
1000 100 -864.449862 69105000 
1000 100 -863.932459 68105000 
1000 100 -867.824994 72105000 
1000 100 -864.449862 69105000 
1000 100 -868.689654 71105000 
1000 100 -868.635795 70605000 
1000 100 -868.689654 73105000 
1000 100 -864.449862 68605000 
1000 100 -868.689654 71605000 
1000 100 -868.689654 71605000 
1000 100 -868.689654 72105000 
1000 100 -867.824994 73105000 
1000 100 -864.406038 70605000 
1000 100 -862.931277 71105000 
1000 100 -866.108972 70605000 
1000 100 -863.893515 68105000 
1000 100 -868.689654 72105000 
1000 100 -863.932459 70105000 
1000 100 -864.380557 69605000 
1000 100 -864.367094 70605000 
1000 100 -867.824994 72105000 
1000 100 -864.022747 70105000 
1000 100 -864.496326 70105000 
1000 100 -868.689654 71105000 
1000 100 -868.689654 71105000 
1000 100 -868.689654 72105000 
1000 100 -868.689654 70605000 
1000 100 -864.449862 69105000 
1000 100 -868.689654 71605000 
1000 100 -868.689654 71105000 
1000 100 -868.689654 72105000 
1000 100 -868.689654 71605000 
1000 100 -868.669269 69605000 
1000 100 -868.689654 72605000 
1000 100 -864.496326 70605000 
1000 100 -868.689654 70605000 
1000 100 -864.406038 66105000 
1000 100 -868.689654 71605000 
1000 100 -864.457382 70605000 
1000 100 -868.689654 70105000 
1000 100 -868.689654 71605000 
1000 100 -864.381728 70605000 
1000 100 -866.199329 71105000 
1000 100 -866.796731 72105000 
1000 100 -864.381728 69605000 
1000 100 -865.318935 71605000 
1000 100 -868.689654 71105000 
1000 100 -868.689654 73105000 
1000 100 -867.451004 74605000 
1000 100 -868.689654 70105000 
1000 100 -868.689654 70605000 
1000 100 -864.381728 69605000 
1000 100 -867.824994 72605000 
1000 100 -868.689654 72105000 
1000 100 -868.689654 71105000 
1000 100 -868.689654 71105000 
1000 100 -868.689654 71105000 
1000 100 -868.689654 72105000 
1000 100 -867.824994 70605000 
1000 100 -867.824994 71105000 
100 100 -866.199329 31405000 
100 100 -867.274001 33955000 
100 100 -864.770107 30205000 
100 100 -864.532735 32955000 
100 100 -863.932459 33455000 
100 100 -865.644310 33105000 
100 100 -867.824994 33905000 
100 100 -863.485402 34255000 
100 100 -864.496326 33055000 
100 100 -868.689654 33955000 
100 100 -867.357393 33005000 
100 100 -864.410918 31955000 
100 100 -866.367230 31655000 
100 100 -864.449862 33655000 
100 100 -866.367230 31705000 
100 100 -864.223594 33305000 
100 100 -866.367230 31155000 
100 100 -866.844516 34405000 
100 100 -868.689654 34155000 
100 100 -865.250160 33555000 
100 100 -864.381728 34205000 
100 100 -864.384379 32605000 
100 100 -863.448795 33305000 
100 100 -866.367230 31355000 
100 100 -864.647333 32405000 
100 100 -865.481720 32655000 
100 100 -868.689654 34255000 
100 100 -866.367230 31355000 
100 100 -864.340554 32955000 
100 100 -868.689654 33805000 
100 100 -864.384379 32905000 
100 100 -863.932459 32055000 
100 100 -866.331745 31205000 
100 100 -864.381728 33505000 
100 100 -867.824994 32705000 
100 100 -864.806170 34205000 
100 100 -866.190949 32055000 
100 100 -868.689654 33055000 
100 100 -863.433682 30555000 
100 100 -868.689654 34405000 
100 100 -864.496326 34155000 
100 100 -864.806170 33505000 
100 100 -865.481720 32355000 
100 100 -866.796731 33555000 
100 100 -867.824994 33755000 
100 100 -865.746241 30855000 
100 100 -867.451004 35755000 
100 100 -864.496326 33655000 
100 100 -866.185828 30655000 
100 100 -863.043529 34805000 
100 100 -868.689654 34605000 
100 100 -863.866976 32955000 
100 100 -864.496326 33205000 
100 100 -865.644310 32655000 
100 100 -867.451004 35105000 
100 100 -868.689654 33955000 
100 100 -864.381728 32805000 
100 100 -868.689654 34405000 
100 100 -866.953980 33805000 
100 100 -864.305809 33005000 
100 100 -865.481720 32505000 
100 100 -867.824994 32955000 
100 100 -864.449862 33255000 
100 100 -863.932459 33555000 
100 100 -865.318935 32405000 
100 100 -867.337009 33655000 
100 100 -866.114094 32255000 
100 100 -865.217004 33005000 
100 100 -864.496326 33305000 
100 100 -865.367566 31005000 
100 100 -865.481720 32555000 
100 100 -868.669269 32555000 
100 100 -864.406038 32605000 
100 100 -864.223594 32405000 
100 100 -863.170436 35605000 
100 100 -867.897766 33655000 
100 100 -868.669269 33855000 
100 100 -868.669269 33555000 
100 100 -867.451004 35655000 
100 100 -863.866976 32705000 
100 100 -864.406038 33405000 
100 100 -866.372351 31505000 
100 100 -867.451004 35955000 
100 100 -863.183031 33105000 
100 100 -866.331745 32255000 
100 100 -868.689654 33605000 
100 100 -864.449862 33455000 
100 100 -868.689654 33005000 
100 100 -868.689654 33955000 
100 100 -865.563124 32105000 
100 100 -863.575126 33405000 
100 100 -864.449862 33055000 
100 100 -863.932459 32705000 
100 100 -865.252126 32255000 
100 100 -868.689654 34055000 
100 100 -866.199329 31805000 
100 100 -864.381728 34105000 
100 100 -865.644310 32255000 
100 100 -864.381728 32705000 
100 100 -865.531827 32905000 
10 100 -863.120437 19450000 
10 100 -865.481720 17725000 
10 100 -863.170436 21630000 
10 100 -868.669269 19295000 
10 100 -863.948733 18705000 
10 100 -864.831818 18700000 
10 100 -864.410918 18685000 
10 100 -865.644310 17935000 
10 100 -863.357241 19960000 
10 100 -865.265634 17010000 
10 100 -864.939230 18435000 
10 100 -867.824994 18320000 
10 100 -864.176831 18340000 
10 100 -866.776346 20275000 
10 100 -856.871585 18635000 
10 100 -866.379227 19695000 
10 100 -862.685534 21890000 
10 100 -863.447529 19780000 
10 100 -864.406038 19470000 
10 100 -863.308749 19800000 
10 100 -864.806170 18790000 
10 100 -865.554907 18345000 
10 100 -861.155489 19260000 
10 100 -864.994801 20405000 
10 100 -863.326187 20920000 
10 100 -862.946384 21130000 
10 100 -867.897766 19360000 
10 100 -861.974681 18565000 
10 100 -864.449862 18825000 
10 100 -866.479148 19175000 
10 100 -865.367566 17600000 
10 100 -865.473722 17820000 
10 100 -867.451004 21560000 
10 100 -860.826684 19470000 
10 100 -863.893515 19460000 
10 100 -862.946384 21100000 
10 100 -868.689654 19580000 
10 100 -868.689654 20125000 
10 100 -864.449862 19130000 
10 100 -867.274001 20855000 
10 100 -865.481720 18795000 
10 100 -864.010910 18330000 
10 100 -859.204529 18260000 
10 100 -859.434306 19865000 
10 100 -866.002626 21170000 
10 100 -868.689654 19255000 
10 100 -863.448795 18880000 
10 100 -859.568384 21375000 
10 100 -865.473722 17580000 
10 100 -853.200963 21520000 
10 100 -863.326187 20185000 
10 100 -863.042116 21630000 
10 100 -865.217004 18335000 
10 100 -863.957264 19255000 
10 100 -866.214795 20085000 
10 100 -866.865248 20605000 
10 100 -862.442418 19185000 
10 100 -868.689654 19815000 
10 100 -859.434306 20200000 
10 100 -861.615157 17660000 
10 100 -866.155465 17815000 
10 100 -860.385796 21635000 
10 100 -868.689654 19835000 
10 100 -864.528588 18865000 
10 100 -868.689654 19535000 
10 100 -862.600426 20065000 
10 100 -864.022747 19450000 
10 100 -866.796731 20300000 
10 100 -861.125363 20995000 
10 100 -863.218461 19890000 
10 100 -866.796731 19895000 
10 100 -864.430842 19180000 
10 100 -862.112820 18900000 
10 100 -865.217004 17935000 
10 100 -862.857696 21210000 
10 100 -863.323454 18935000 
10 100 -862.727312 21905000 
10 100 -865.481720 18190000 
10 100 -866.930171 19680000 
10 100 -868.689654 20130000 
10 100 -864.600761 20265000 
10 100 -859.773909 19880000 
10 100 -866.953980 19965000 
10 100 -864.449862 19640000 
10 100 -862.364184 19675000 
10 100 -865.217004 18485000 
10 100 -855.925128 22865000 
10 100 -865.481720 17505000 
10 100 -862.584431 19550000 
10 100 -863.798436 18790000 
10 100 -867.274001 18350000 
10 100 -865.481720 17920000 
10 100 -862.726642 19120000 
10 100 -863.007789 21820000 
10 100 -868.689654 19625000 
10 100 -862.726172 20490000 
10 100 -863.575126 20400000 
10 100 -863.948733 17675000 
10 100 -865.217004 17805000 
10 100 -862.468044 18695000 
50 100 -864.912067 27305000 
50 100 -867.824994 26405000 
50 100 -864.384379 26530000 
50 100 -867.824994 27655000 
50 100 -865.644310 25680000 
50 100 -864.384379 26705000 
50 100 -867.897766 28230000 
50 100 -867.824994 25955000 
50 100 -863.170436 27555000 
50 100 -864.406038 25755000 
50 100 -864.381728 28080000 
50 100 -864.344334 27280000 
50 100 -864.406038 27255000 
50 100 -866.336867 26455000 
