Interval E I
10000 -867.824994 696752260 
10000 -868.669269 684639500 
10000 -865.644310 711461780 
10000   
10000   
10000 -865.217004 712519930 
10000 -866.796731 692660650 
10000 -867.108116 681728290 
10000 -865.481720 729368090 
10000   
10000 -862.692269 709825080 
10000 -867.451004 698925010 
10000 -868.689654 684187950 
10000 -864.381728 696632250 
10000   
10000 -867.451004 695136650 
10000 -867.357393 693762450 
10000 -868.689654 683332490 
10000 -868.689654 690222540 
10000 -868.689654 691060000 
10000 -867.451004 696916060 
10000 -868.689654 688124790 
10000 -868.689654 687074880 
10000   
10000 -864.381728 706089000 
10000 -866.199329 721495070 
10000   
10000 -868.689654 688517300 
10000 -868.669269 685685340 
10000 -868.669269 685405400 
10000   
10000 -868.689654 689247280 
10000   
10000   
10000   
10000   
10000 -868.689654 682444440 
10000   
10000 -868.669269 681944370 
10000 -863.170436 710591470 
10000 -867.451004 700455690 
10000   
10000   
10000 -868.689654 687465200 
10000 -868.689654 686841640 
10000   
10000 -863.441733 689531280 
10000 -867.824994 692715560 
10000 -868.689654 684894490 
10000 -864.496326 696729540 
10000 -863.416890 690303590 
10000 -863.989736 696813010 
10000 -868.689654 687707870 
10000 -863.357241 687243540 
10000 -868.669269 684414950 
10000 -868.689654 679522210 
10000 -868.689654 683309680 
10000 -864.310958 700918170 
10000 -867.824994 694803020 
10000   
10000 -864.381728 706558930 
10000 -868.689654 685080180 
10000 -864.381728 701487400 
10000   
10000   
10000 -863.262042 684398060 
10000 -865.318605 703815360 
10000 -868.669269 687487730 
10000 -868.689654 686574430 
10000 -868.689654 682985080 
10000   
10000 -865.862009 734430730 
10000 -867.451004 692437050 
10000   
10000 -868.689654 687220070 
10000 -866.367230 727021730 
10000   
10000 -866.331745 726523620 
10000 -868.689654 685804960 
10000 -866.372351 740517510 
10000 -866.367230 729435070 
10000 -867.824994 693299390 
10000 -868.669269 678360320 
10000 -863.040532 686389050 
10000 -866.199329 734247600 
10000 -868.689654 683478370 
10000 -868.689654 687604540 
10000 -868.689654 687631090 
10000 -867.337009 689333230 
10000   
10000 -868.669269 684521260 
10000 -866.199329 729061580 
10000   
10000 -864.310958 698863670 
10000 -866.336867 735855650 
10000 -868.689654 687361010 
10000 -867.451004 701810020 
10000 -864.381728 706777700 
10000 -868.689654 683538500 
1000 -868.689654 594006910 
1000 -865.481720 633191010 
1000 -866.796731 610133660 
1000 -864.272015 615064600 
1000 -867.897766 606371430 
1000 -864.384379 612037490 
1000   
1000 -864.406038 613427160 
1000 -864.223594 619301460 
1000 -866.331745 645023470 
1000   
1000 -868.689654 600564220 
1000 -864.410918 614071550 
1000   
1000 -864.449862 611411400 
1000 -864.381728 618311010 
1000 -864.381728 614272940 
1000 -863.837380 617573270 
1000 -864.496326 614755990 
1000   
1000 -863.575126 605234560 
1000 -864.223594 615997600 
1000 -868.689654 602492960 
1000 -864.410918 607629250 
1000   
1000 -867.824994 609031810 
1000   
1000 -866.479148 603256300 
1000 -866.150344 632802630 
1000 -868.669269 601081010 
1000   
1000 -868.689654 604131010 
1000 -868.689654 599111110 
1000 -865.563124 647561010 
1000 -867.124439 598601060 
1000 -864.223594 619173080 
1000 -863.357241 610371010 
1000 -868.689654 600982430 
1000 -868.689654 601971900 
1000   
1000 -868.669269 597598230 
1000 -868.669269 600005790 
1000   
1000 -863.575126 608854330 
1000 -862.483984 595932430 
1000 -866.336867 642567560 
1000 -865.969735 646215370 
1000 -863.893515 617541260 
1000 -864.406038 606508220 
1000   
1000 -868.689654 604086860 
1000 -862.798070 608452130 
1000   
1000 -867.824994 612134790 
1000 -867.451004 610772480 
1000 -866.199329 637597300 
1000 -868.689654 604732530 
1000   
1000   
1000   
1000 -868.669269 599309770 
1000 -868.669269 601413190 
1000   
1000   
1000 -864.449862 610606580 
1000 -868.689654 602533620 
1000 -868.689654 601523620 
1000 -866.367230 648011570 
1000 -865.318935 643019740 
1000   
1000 -868.689654 602893210 
1000 -864.381728 613998160 
1000 -868.689654 601965800 
1000 -865.969735 636741510 
1000 -868.689654 598275190 
1000 -867.274001 615921180 
1000 -868.689654 600659420 
1000 -868.669269 598681190 
1000 -865.481720 642321010 
1000 -867.824994 610044320 
1000 -868.689654 599165540 
1000 -868.689654 601786550 
1000 -868.689654 601781560 
1000   
1000 -864.381728 614387320 
1000 -868.689654 602001010 
1000   
1000 -866.179629 605754940 
1000 -864.381728 613821010 
1000 -868.689654 599596670 
1000 -868.689654 601858460 
1000 -868.689654 601062700 
1000   
1000 -868.689654 603554630 
1000 -867.451004 612569450 
1000 -867.357393 605161130 
1000 -868.689654 600021100 
1000 -865.665056 659255090 
1000 -868.689654 601032660 
100 -867.824994 308700400 
100 -866.164575 302630700 
100 -862.865915 305527010 
100 -867.824994 305823540 
100 -868.689654 303679330 
100   
100   
100 -868.669269 303368080 
100 -868.669269 304215400 
100 -868.669269 303618010 
100   
100 -868.669269 303546010 
100 -868.669269 303364500 
100 -866.336867 313789450 
100 -868.669269 302895010 
100 -863.989736 304937520 
100 -864.567101 307473010 
100   
100   
100 -864.955712 311187150 
100 -867.357393 308896010 
100 -864.496326 304210010 
100 -863.837380 305926010 
100 -868.689654 303391470 
100 -866.718458 305892010 
100   
100 -866.953980 309261140 
100 -864.335763 304708010 
100 -868.689654 303475080 
100 -868.669269 304143010 
100   
100   
100 -866.372351 318975470 
100 -868.669269 302627100 
100 -867.824994 307921580 
100 -868.689654 303839290 
100   
100 -866.776346 303383000 
100 -862.552370 310629010 
100 -865.318935 312955150 
100 -864.410918 303214010 
100 -867.451004 310416010 
100 -863.542608 301017010 
100 -866.336867 315366010 
100 -864.381728 309697010 
100   
100 -862.801065 321777300 
100   
100 -863.410570 308401600 
100 -864.223594 309942910 
100 -864.939230 313206390 
100   
100 -866.372351 317752010 
100 -868.669269 302939130 
100 -863.542620 314177010 
100 -868.669269 303863740 
100 -866.367230 317801300 
100 -866.199329 313693900 
100 -867.602220 305315010 
100 -868.689654 303275010 
100   
100 -868.689654 304291010 
100 -866.930171 305797010 
100 -864.457382 303122010 
100 -867.108116 308450010 
100 -868.689654 304474010 
100 -866.336867 316624010 
100 -864.032332 297693010 
100 -867.451004 306093010 
100 -865.250160 307879100 
100 -866.367230 317432040 
100   
100   
100 -867.451004 311121690 
100 -863.323454 302928010 
100 -868.689654 304711010 
100 -866.547453 309308230 
100 -863.170436 326972010 
100 -864.340554 300023010 
100   
100 -865.876963 320148850 
100 -865.481720 308596390 
100   
100 -868.689654 302390010 
100 -864.381728 306516150 
100 -862.262513 309239360 
100   
100 -862.931277 310845620 
100   
100 -864.449862 303771190 
100 -864.496326 301437010 
100   
100 -867.897766 306895030 
100 -867.108116 306510480 
100   
100   
100 -864.492474 318966170 
100   
100   
100 -867.274001 306257560 
10   
10 -866.758361 89451510 
10 -863.962390 88854810 
10 -864.449862 87254710 
10 -864.220030 88946510 
10 -863.326187 103912310 
10 -868.669269 89356310 
10 -864.602223 85667010 
10 -866.458764 88180910 
10 -863.684325 86720610 
10 -860.565007 85960110 
10 -864.422160 89369010 
10 -864.620794 83824810 
10 -863.157489 87180010 
10 -863.170436 97384110 
10 -864.401247 87822310 
10 -864.763026 90379310 
10 -863.289199 88336660 
10 -860.731379 91981710 
10 -864.245475 87193510 
10 -866.930171 87603780 
10 -863.927668 87955810 
10 -863.007789 112141520 
10 -863.284412 85649210 
10 -867.357393 88986210 
10 -862.806052 94322610 
10 -863.448795 87109910 
10 -866.118144 81844910 
10 -863.213284 87372810 
10 -862.634687 101115410 
10 -866.367230 81250410 
10 -863.328143 89266510 
10 -865.969735 87615910 
10 -864.362303 88198110 
10 -864.187396 86853810 
10 -861.578641 92425490 
10 -863.684325 86020110 
10 -866.214795 89601510 
10 -864.141123 90234910 
10 -863.575126 89494810 
10 -864.496326 86999810 
10 -862.910581 86024010 
10 -864.837298 85594810 
10 -865.722900 87991210 
10 -863.352331 88897410 
10 -863.213025 89114410 
10 -866.796731 87815010 
10   
10 -863.927668 87611210 
10   
10 -863.957264 88069010 
10 -864.381728 89757310 
10 -867.451004 91662410 
10 -864.362303 87707610 
10 -864.993791 88724010 
10 -862.419540 88364610 
10 -866.757495 86570910 
10 -868.669269 87594210 
10 -863.323454 88848410 
10   
10 -866.336867 85652310 
10 -865.225586 86181310 
10 -862.815916 87797710 
10 -864.993791 89329210 
10   
10 -864.335763 88386010 
10 -866.796731 89777410 
10   
10   
10 -865.860360 89619810 
10 -868.689654 88994910 
10 -862.078638 88616310 
10 -860.403802 87919910 
10 -864.589496 89610710 
10   
10 -865.800507 83504410 
10 -862.665707 88611910 
10 -864.276798 84939710 
10 -861.678044 88635510 
10   
10 -863.882221 88913810 
10 -867.824994 85827210 
10 -863.771897 87994710 
10 -867.824994 88434680 
10 -867.335086 88532710 
10 -859.434306 88141110 
10 -863.549039 85988870 
10 -863.326187 101884810 
10 -864.669033 86775910 
10 -864.381728 89232510 
10 -865.481720 84271210 
10 -864.218265 82832710 
10   
10 -863.777272 85777990 
10 -865.746241 87071130 
10 -863.866976 87701280 
10 -866.144456 82049610 
10 -866.037363 92896610 
10 -867.824994 87760010 
10 -867.108116 87651010 
5000 -868.689654 666062740 
5000 -868.669269 662636050 
5000 -866.199329 702676980 
5000 -868.689654 668291690 
5000 -865.644310 698051230 
5000 -868.689654 667938740 
5000 -868.689654 669081650 
5000 -868.689654 658767230 
5000 -868.689654 669632830 
5000   
5000 -864.955712 706483330 
5000 -868.689654 669945570 
5000 -868.689654 661975010 
5000 -868.689654 668401790 
5000   
5000 -868.689654 662453540 
5000 -868.689654 665808480 
5000   
5000 -867.824994 678230460 
5000 -864.223594 680130960 
5000 -866.372351 716693440 
5000 -868.669269 663402620 
5000   
5000   
5000 -868.689654 669639880 
5000 -864.272015 679173390 
5000 -868.689654 663552730 
5000 -868.689654 662136850 
5000 -865.265634 692422240 
5000 -864.381728 680811040 
5000 -868.689654 667828350 
5000 -864.430842 677837460 
5000   
5000 -866.757495 691872410 
5000 -868.689654 664958790 
5000 -868.689654 666646020 
5000 -868.689654 667498420 
5000 -868.689654 667141400 
5000 -867.144823 666590520 
5000 -866.757495 695463250 
5000 -864.272015 683964570 
5000 -867.824994 678132290 
5000 -866.737976 659328380 
5000   
5000 -863.007789 685076070 
5000 -867.357393 678955680 
5000 -868.689654 669099600 
5000 -868.689654 668802010 
5000   
5000 -868.689654 668098240 
5000   
5000 -867.824994 671949070 
5000   
5000 -868.689654 667002280 
5000   
5000 -864.223594 680830300 
5000 -867.451004 680914970 
5000   
5000   
5000   
5000 -868.689654 673343960 
5000 -868.669269 663374720 
5000 -864.384379 674774750 
5000   
5000 -864.384379 681813500 
5000 -868.689654 667949490 
5000   
5000   
5000 -868.689654 671865730 
5000 -868.689654 672446690 
5000 -868.689654 670216620 
5000 -868.689654 669739530 
5000 -868.669269 665264010 
5000 -868.689654 661983420 
5000 -868.689654 666989980 
5000   
5000 -868.689654 663877460 
5000   
5000   
5000 -868.669269 669218680 
5000 -866.149578 704363690 
5000 -865.088358 677975260 
5000   
5000 -867.357393 670407430 
5000 -866.114094 715930070 
5000   
5000 -868.689654 667625200 
5000 -865.570591 683973150 
5000 -868.689654 667731730 
5000 -867.824994 679653930 
5000 -868.689654 668959360 
5000   
5000 -867.824994 679857250 
5000 -865.969735 708326370 
5000   
5000 -868.689654 670088070 
5000 -868.689654 670869940 
5000 -864.496326 680438010 
5000   
500   
500 -865.252126 591528660 
500 -868.689654 541081010 
500 -868.689654 543251920 
500   
500   
500   
500   
500 -864.340554 552011060 
500 -868.689654 542356300 
500 -868.689654 542811190 
500   
500   
500   
500   
500   
500   
500   
500   
500   
500 -865.644310 569481490 
500 -868.689654 542676860 
500 -864.381728 557499740 
500 -868.689654 543964400 
500 -864.362303 567746670 
500 -866.199329 573537230 
500 -864.430842 555173650 
500 -867.357393 548591060 
500   
500 -865.481720 578916010 
500 -863.452320 551772290 
500 -866.150344 575893480 
500   
500 -863.771897 560928650 
500 -865.969735 580124280 
500 -864.449862 548612990 
500   
500 -868.689654 544826010 
500 -862.946384 544031300 
500 -864.340554 551161120 
500 -864.310958 558599520 
500   
500 -866.953980 557612270 
500 -864.410918 556144480 
500   
500 -864.340554 554029770 
500 -865.481720 568126930 
500 -868.689654 542846130 
500 -868.689654 543591030 
500 -866.190949 575093710 
500 -868.689654 544124140 
500 -868.689654 544986500 
500 -864.381728 558221010 
500 -867.451004 552484710 
500 -868.669269 543338040 
500 -863.983803 557371320 
500   
500 -864.381728 555883600 
500 -866.144456 592099330 
500 -864.967333 580237200 
500 -867.451004 549987400 
500 -868.669269 543816250 
500 -866.757495 563282190 
500 -867.451004 552841590 
500 -868.669269 541290920 
500 -865.722900 561038350 
500 -868.689654 546606940 
500   
500 -867.357393 550741380 
500 -868.689654 545941010 
500 -864.381728 554122280 
500 -863.866976 552103330 
500 -868.689654 544596100 
500 -868.689654 543688290 
500 -867.824994 552864520 
500 -864.406038 552581750 
500   
500 -868.689654 546666150 
500 -868.689654 541297130 
500 -867.824994 556438480 
500 -868.689654 544106130 
500 -864.406038 552631170 
500 -868.689654 545668860 
500   
500 -868.689654 545631110 
500   
500   
500   
500 -868.669269 543604090 
500 -866.199329 578081900 
500 -864.430842 550054450 
500 -867.042251 555216280 
500 -866.336867 590691690 
500 -865.481720 580107750 
500 -862.946384 546576070 
500 -868.689654 543601010 
500 -868.689654 547501010 
500 -864.401247 563993980 
500 -862.822993 556811470 
50 -864.223594 203687010 
50 -867.357393 205015490 
50 -866.857490 204817010 
50 -867.824994 205471010 
50 -863.912951 197071010 
50 -867.451004 207982210 
50 -864.340554 199466510 
50 -867.824994 206642510 
50   
50 -867.451004 205200010 
50   
50 -867.335086 207548010 
50 -865.225586 202867510 
50 -866.796731 201641070 
50   
50 -866.199329 207548510 
50   
50 -868.669269 206390510 
50 -868.689654 203477010 
50 -868.689654 202384510 
50 -864.926701 200833010 
50 -865.585184 205230010 
50 -866.758361 205457010 
50   
50 -863.344949 205297040 
50 -864.223594 202843010 
50 -865.746241 207388510 
50 -865.318605 206954010 
50 -868.669269 204412510 
50 -863.213025 201453010 
50 -865.314861 208759130 
50   
50 -866.757495 204991510 
50 -868.669269 204051010 
50 -864.926701 199754200 
50 -867.451004 209327510 
50 -864.223594 203416510 
50 -868.669269 202300770 
50 -862.785141 208367510 
50 -866.758361 204840010 
50 -867.824994 204362690 
50 -862.934285 203288030 
50 -866.776346 204076510 
50 -865.217004 203243180 
50 -864.161651 210034010 
50 -867.357393 205388210 
50   
50 -867.144823 204206010 
50 -866.796731 202503010 
50 -864.381728 204606490 
50 -864.465362 201517890 
50 -868.689654 203795510 
50   
50 -866.503806 204338810 
50   
50 -863.007789 221896930 
50 -863.361008 198981990 
50 -864.457382 203374010 
50 -868.689654 203637010 
50 -864.223594 203569510 
50 -865.265634 196775010 
50 -866.150344 204379510 
50 -868.689654 204204010 
50   
50   
50 -866.150344 204081510 
50 -867.897766 205096010 
50 -866.757495 205957510 
50 -867.108116 204695010 
50   
50 -867.451004 207908010 
50 -866.953980 205392010 
50 -864.926701 199831160 
50 -866.953980 205484660 
50 -863.989736 200942150 
50   
50 -864.496326 200403010 
50 -864.457382 198778120 
50 -868.689654 203577510 
50 -866.458764 206194010 
50 -862.600426 201821010 
50 -866.190949 199681510 
50   
50 -864.416538 210253200 
50 -868.689654 204534510 
50 -868.689654 205635010 
50   
50 -864.939230 201627510 
50 -865.943195 207299540 
50 -865.481720 198392510 
50 -860.994546 202441510 
50 -867.357393 204289010 
50 -864.176831 198669670 
50 -867.451004 207200510 
50 -864.401247 200611010 
50 -863.452320 200160050 
50 -864.367094 201220010 
50 -864.496326 200352510 
50 -867.451004 208964510 
