m_0 m_1 E I
1000 1000 -864.120544 35105000 
1000 1000 -868.358837 35105000 
1000 1000 -864.496326 35105000 
1000 1000 -867.951637 35105000 
1000 1000 -867.369652 35105000 
1000 1000 -868.013272 35105000 
1000 1000 -864.338207 30105000 
1000 1000 -864.428743 30105000 
1000 1000 -867.132906 35105000 
1000 1000 -865.320065 35105000 
1000 1000 -863.919845 35105000 
1000 1000 -864.345183 30105000 
1000 1000 -863.828940 35105000 
1000 1000 -864.154289 35105000 
1000 1000 -862.337729 30105000 
1000 1000 -868.054840 35105000 
1000 1000 -868.547053 35105000 
1000 1000 -868.490297 35105000 
1000 1000 -863.633863 35105000 
1000 1000 -868.513535 35105000 
1000 1000 -864.255964 35105000 
1000 1000 -865.134923 30105000 
1000 1000 -868.374976 35105000 
1000 1000 -864.246492 35105000 
1000 1000 -863.645718 35105000 
1000 1000 -864.750718 30105000 
1000 1000 -868.510681 35105000 
1000 1000 -864.109442 35105000 
1000 1000 -867.197544 35105000 
1000 1000 -868.271551 35105000 
1000 1000 -868.547053 35105000 
1000 1000 -863.335488 35105000 
1000 1000 -868.338453 35105000 
1000 1000 -868.230129 35105000 
1000 1000 -867.931611 35105000 
1000 1000 -864.044776 35105000 
1000 1000 -867.380675 35105000 
1000 1000 -865.936907 35105000 
1000 1000 -868.442190 35105000 
1000 1000 -865.562953 35105000 
1000 1000 -868.439292 35105000 
1000 1000 -868.326870 35105000 
1000 1000 -868.345449 35105000 
1000 1000 -868.179576 35105000 
1000 1000 -863.814171 35105000 
1000 1000 -868.459677 35105000 
1000 1000 -868.261093 35105000 
1000 1000 -868.180937 35105000 
1000 1000 -868.331557 35105000 
1000 1000 -868.032596 35105000 
1000 1000 -868.179734 35105000 
1000 1000 -868.107158 35105000 
1000 1000 -868.369295 35105000 
1000 1000 -868.153431 35105000 
1000 1000 -867.967893 35105000 
1000 1000 -865.937350 30105000 
1000 1000 -864.116206 35105000 
1000 1000 -868.638650 35105000 
1000 1000 -868.118492 35105000 
1000 1000 -863.878382 35105000 
1000 1000 -868.689654 35105000 
1000 1000 -868.396454 35105000 
1000 1000 -868.373615 35105000 
1000 1000 -868.322335 35105000 
1000 1000 -863.347152 35105000 
1000 1000 -864.211896 35105000 
1000 1000 -868.289136 35105000 
1000 1000 -868.006045 35105000 
1000 1000 -868.253853 35105000 
1000 1000 -865.598542 35105000 
1000 1000 -868.026900 35105000 
1000 1000 -868.380728 35105000 
1000 1000 -864.870153 35105000 
1000 1000 -866.039287 30105000 
1000 1000 -863.954394 30105000 
1000 1000 -864.059603 35105000 
1000 1000 -864.072862 35105000 
1000 1000 -863.653670 35105000 
1000 1000 -868.271650 35105000 
1000 1000 -864.121277 35105000 
1000 1000 -865.199601 35105000 
1000 1000 -864.948263 30105000 
1000 1000 -868.253974 35105000 
1000 1000 -868.255180 35105000 
1000 1000 -868.349934 35105000 
1000 1000 -868.162378 35105000 
1000 1000 -867.364074 35105000 
1000 1000 -864.709372 30105000 
1000 1000 -868.204176 35105000 
1000 1000 -864.380557 35105000 
1000 1000 -865.749192 30105000 
1000 1000 -867.206648 35105000 
1000 1000 -868.271330 35105000 
1000 1000 -868.352788 35105000 
1000 1000 -868.442190 35105000 
1000 1000 -864.171281 35105000 
1000 1000 -863.073387 30105000 
1000 1000 -868.349934 35105000 
1000 1000 -868.453773 35105000 
1000 1000 -868.253809 35105000 
100 1000 -868.128950 15605000 
100 1000 -868.298039 17105000 
100 1000 -868.431732 15105000 
100 1000 -864.369052 16105000 
100 1000 -865.318935 16105000 
100 1000 -864.271440 16605000 
100 1000 -863.461783 17605000 
100 1000 -862.747432 17605000 
100 1000 -865.994816 16105000 
100 1000 -864.284067 14605000 
100 1000 -862.815492 18105000 
100 1000 -864.159950 17105000 
100 1000 -866.955035 17105000 
100 1000 -863.042908 18605000 
100 1000 -863.616097 17105000 
100 1000 -866.915703 15105000 
100 1000 -864.362593 17105000 
100 1000 -862.712547 15105000 
100 1000 -862.481299 16105000 
100 1000 -862.674801 18105000 
100 1000 -867.659013 15605000 
100 1000 -867.015633 16605000 
100 1000 -862.313898 17605000 
100 1000 -862.218407 16605000 
100 1000 -863.919283 18105000 
100 1000 -862.837537 17605000 
100 1000 -863.913974 16605000 
100 1000 -867.647106 15605000 
100 1000 -863.862006 18605000 
100 1000 -866.934194 17605000 
100 1000 -867.913454 16605000 
100 1000 -865.513231 16105000 
100 1000 -862.776327 18105000 
100 1000 -867.644820 17605000 
100 1000 -863.124707 18605000 
100 1000 -867.984464 17605000 
100 1000 -865.791569 17605000 
100 1000 -864.953649 17105000 
100 1000 -867.817919 16605000 
100 1000 -867.839490 16605000 
100 1000 -866.112390 16605000 
100 1000 -866.684984 15105000 
100 1000 -868.097936 16605000 
100 1000 -863.443615 18105000 
100 1000 -866.802464 17105000 
100 1000 -862.727008 17605000 
100 1000 -862.950846 18105000 
100 1000 -860.917777 14105000 
100 1000 -864.706877 14605000 
100 1000 -868.279772 17105000 
100 1000 -863.935585 15605000 
100 1000 -865.842168 15605000 
100 1000 -863.416465 17605000 
100 1000 -866.799239 16105000 
100 1000 -863.388192 14105000 
100 1000 -867.492046 16605000 
100 1000 -867.769934 16105000 
100 1000 -868.009095 16605000 
100 1000 -863.702591 18105000 
100 1000 -862.888579 17605000 
100 1000 -867.695217 16605000 
100 1000 -868.146102 17105000 
100 1000 -861.348379 17105000 
100 1000 -862.950937 17105000 
100 1000 -868.398215 18105000 
100 1000 -861.532615 15605000 
100 1000 -865.333573 16605000 
100 1000 -868.227900 17105000 
100 1000 -864.160843 19105000 
100 1000 -862.719246 18605000 
100 1000 -863.595754 13105000 
100 1000 -864.836171 15605000 
100 1000 -866.849806 15605000 
100 1000 -866.495857 15605000 
100 1000 -864.460974 16605000 
100 1000 -863.409895 17605000 
100 1000 -865.761601 14105000 
100 1000 -864.946197 17105000 
100 1000 -861.231890 17105000 
100 1000 -867.508795 15605000 
100 1000 -861.076584 14105000 
100 1000 -867.872032 16605000 
100 1000 -863.827215 15605000 
100 1000 -867.911186 16105000 
100 1000 -868.271650 17605000 
100 1000 -863.898862 17605000 
100 1000 -864.693622 14605000 
100 1000 -862.443004 17105000 
100 1000 -863.694808 18605000 
100 1000 -866.097742 16605000 
100 1000 -863.888853 17605000 
100 1000 -863.380260 14605000 
100 1000 -863.783945 15105000 
100 1000 -862.880763 18105000 
100 1000 -867.599994 16605000 
100 1000 -865.586724 14605000 
100 1000 -862.770338 15105000 
100 1000 -864.413852 16605000 
100 1000 -863.685291 18605000 
100 1000 -863.736335 17105000 
10 1000 -868.669269 11305000 
10 1000 -864.831818 11105000 
10 1000 -864.406038 11255000 
10 1000 -863.932459 11505000 
10 1000 -868.689654 11605000 
10 1000 -865.746241 10555000 
10 1000 -862.613776 11805000 
10 1000 -867.451004 11205000 
10 1000 -865.250160 11055000 
10 1000 -863.856051 11305000 
10 1000 -864.449862 10755000 
10 1000 -859.434306 11455000 
10 1000 -866.331745 10055000 
10 1000 -863.452320 11955000 
10 1000 -863.983803 11855000 
100 100 -863.760381 18255000 
100 100 -863.872553 16055000 
100 100 -863.872121 16805000 
100 100 -862.365662 18105000 
100 100 -867.961980 16255000 
100 100 -863.809197 16405000 
100 100 -863.525284 18255000 
100 100 -866.687352 15805000 
100 100 -861.859597 17555000 
100 100 -863.565294 17655000 
100 100 -865.412716 15705000 
100 100 -867.651805 16555000 
100 100 -863.578324 17405000 
100 100 -866.584212 16855000 
100 100 -864.862476 15805000 
100 100 -867.195251 15705000 
100 100 -867.137671 14755000 
100 100 -860.772198 13755000 
100 100 -867.765265 16355000 
100 100 -858.821392 16605000 
100 100 -863.529175 18105000 
100 100 -865.160587 16005000 
100 100 -863.761919 18405000 
100 100 -863.426521 18055000 
100 100 -864.491095 17855000 
100 100 -863.953442 18455000 
100 100 -863.245482 15655000 
100 100 -866.515032 15605000 
100 100 -868.103653 15155000 
100 100 -863.603006 15655000 
100 100 -863.438303 18255000 
100 100 -862.349197 16955000 
100 100 -865.288243 16505000 
100 100 -865.647639 16155000 
100 100 -862.331757 17905000 
100 100 -857.804266 17555000 
100 100 -863.722027 16605000 
100 100 -864.228640 15955000 
100 100 -861.453617 16205000 
100 100 -863.700228 16555000 
100 100 -862.187881 17605000 
100 100 -863.599986 16855000 
100 100 -862.765869 18105000 
100 100 -868.146216 16905000 
100 100 -863.368237 17855000 
100 100 -863.782208 18505000 
100 100 -864.422383 15105000 
100 100 -861.892546 18005000 
100 100 -864.246671 16705000 
100 100 -862.138529 17905000 
100 100 -865.960471 16105000 
100 100 -862.438880 15455000 
100 100 -863.212838 17505000 
100 100 -864.170831 18505000 
100 100 -864.840740 17055000 
100 100 -862.630397 17405000 
100 100 -866.485558 17155000 
100 100 -864.456677 15755000 
100 100 -863.806574 16205000 
100 100 -866.494416 15205000 
100 100 -867.768659 15855000 
100 100 -866.482442 15955000 
100 100 -867.277810 16305000 
100 100 -862.156765 16805000 
100 100 -867.117517 17455000 
100 100 -867.515408 15955000 
100 100 -867.287185 15955000 
100 100 -864.593251 17005000 
100 100 -863.038372 17505000 
100 100 -867.983935 16255000 
100 100 -862.690399 16805000 
100 100 -864.654507 14605000 
100 100 -868.110184 16155000 
100 100 -866.542855 15705000 
100 100 -864.625792 15755000 
100 100 -867.552123 16655000 
100 100 -862.932415 17255000 
100 100 -864.462172 16055000 
100 100 -863.734944 18205000 
100 100 -863.353583 15305000 
100 100 -864.246147 16955000 
100 100 -864.041206 15955000 
100 100 -867.528780 16855000 
100 100 -862.822994 17555000 
100 100 -863.283760 17905000 
100 100 -867.307206 16655000 
10 100 -863.326187 11250000 
10 100 -865.318935 10390000 
10 100 -865.318605 11260000 
10 100 -858.983254 11470000 
10 100 -867.436625 11270000 
10 100 -862.338134 11435000 
10 100 -866.336867 11095000 
10 100 -864.223594 11385000 
10 100 -868.638650 10950000 
10 100 -854.468863 11805000 
10 100 -863.575126 11485000 
10 100 -865.252126 9985000 
10 100 -856.211860 10775000 
10 100 -865.116466 11635000 
10 100 -862.450580 11250000 
10 50 -867.451004 11040000 
10 50 -866.331745 10832500 
10 50 -865.217004 11410000 
10 50 -861.966776 11212500 
10 50 -863.485402 11550000 
10 50 -865.481720 10850000 
10 50 -860.190546 11665000 
10 50 -865.481720 11042500 
10 50 -865.481720 10910000 
10 50 -863.326187 11185000 
10 50 -864.381728 11590000 
10 50 -866.037363 10815000 
10 50 -864.410918 10830000 
10 50 -866.331745 11050000 
10 50 -861.369558 11297500 
10 50 -856.512801 11555000 
10 50 -865.318935 10762500 
10 50 -865.234683 10302500 
10 50 -862.798070 11135000 
10 50 -866.165250 10417500 
10 50 -864.449862 11592500 
10 50 -864.814010 11115000 
10 50 -865.998176 11112500 
10 50 -867.274001 11135000 
10 50 -866.331745 10907500 
10 50 -867.824994 11230000 
10 50 -864.831818 11377500 
10 50 -860.112716 11255000 
10 50 -866.367230 10520000 
10 50 -854.671432 11192500 
10 50 -863.429198 11682500 
10 50 -862.750092 11162500 
10 50 -858.171124 10975000 
10 50 -863.326187 10747500 
10 50 -865.481720 10520000 
10 50 -859.416035 11400000 
10 50 -867.897766 10857500 
10 50 -857.658894 11687500 
10 50 -863.323454 11447500 
10 50 -863.777272 11252500 
10 50 -865.563124 10732500 
10 50 -862.600426 11252500 
10 50 -865.481720 11117500 
10 50 -866.331745 10787500 
10 50 -866.953980 11455000 
10 50 -863.042116 11327500 
10 50 -861.284699 11662500 
10 50 -861.934245 11597500 
10 50 -864.449862 11427500 
10 50 -865.318935 11287500 
10 50 -867.451004 10260000 
10 50 -864.449862 11175000 
10 50 -852.469557 11367500 
10 50 -861.644167 11167500 
10 50 -864.381728 11875000 
10 50 -863.042116 11475000 
10 50 -863.120437 10110000 
10 50 -867.357393 11262500 
10 50 -859.434306 11625000 
10 50 -861.923709 11095000 
10 50 -864.203692 10687500 
10 50 -864.496326 11527500 
10 50 -861.986515 11155000 
10 50 -863.007789 10610000 
10 50 -863.021980 10252500 
10 50 -859.173426 11097500 
10 50 -866.331745 9670000 
10 50 -864.406038 10977500 
10 50 -866.199329 10247500 
10 50 -866.757495 11067500 
10 50 -857.518959 11457500 
10 50 -857.476134 11322500 
10 50 -864.203692 10455000 
10 50 -863.923805 10777500 
10 50 -857.643417 11245000 
10 50 -857.943942 10937500 
10 50 -864.449862 11227500 
10 50 -866.021886 11410000 
10 50 -865.481720 10157500 
10 50 -862.600426 11815000 
10 50 -865.217004 11152500 
10 50 -865.481720 10797500 
10 50 -866.367230 10470000 
10 50 -865.217004 10875000 
10 50 -862.600426 11495000 
10 50 -865.959747 10642500 
10 50 -861.125743 11250000 
10 50 -862.657425 11370000 
10 50 -867.357393 11247500 
10 50 -865.461945 10505000 
10 50 -863.170436 11417500 
10 50 -867.274001 11410000 
10 50 -867.321532 10545000 
10 50 -867.824994 11145000 
50 50 -862.573563 15205000 
50 50 -865.602560 14367500 
50 50 -867.259887 13805000 
50 50 -865.046463 14530000 
50 50 -865.563124 14230000 
50 50 -864.425873 16380000 
50 50 -868.280553 14630000 
50 50 -864.122226 12280000 
50 50 -867.380552 14842500 
50 50 -865.521641 14280000 
50 50 -868.459677 15130000 
50 50 -864.000914 15355000 
50 50 -863.464265 14805000 
50 50 -863.958926 15230000 
50 50 -864.629388 13955000 
50 50 -865.493345 14842500 
50 50 -865.184723 14005000 
50 50 -863.044857 15367500 
50 50 -866.704213 14855000 
50 50 -866.676391 15817500 
50 50 -868.278678 14080000 
50 50 -868.306618 14705000 
50 50 -866.593306 13492500 
50 50 -868.042798 15342500 
50 50 -862.536360 14542500 
50 50 -865.910275 14367500 
50 50 -864.643211 13892500 
50 50 -864.878725 14280000 
50 50 -863.476069 14542500 
50 50 -859.263875 16855000 
50 50 -862.112365 12980000 
50 50 -864.661886 14642500 
50 50 -865.093835 15405000 
50 50 -867.347116 11667500 
50 50 -863.928582 16455000 
50 50 -864.652806 12080000 
50 50 -863.885638 15330000 
50 50 -864.859843 15080000 
50 50 -862.921859 15617500 
50 50 -863.017762 16305000 
50 50 -863.794423 16267500 
50 50 -863.629283 16092500 
50 50 -865.419035 14792500 
50 50 -864.355907 16042500 
50 50 -863.382985 14867500 
50 50 -863.967869 14392500 
50 50 -864.113630 14355000 
50 50 -858.991015 16030000 
50 50 -864.548300 14067500 
50 50 -863.688007 15117500 
50 50 -862.661028 15167500 
50 50 -865.832010 13605000 
50 50 -862.835207 14730000 
50 50 -863.499636 14417500 
50 50 -864.138585 16117500 
50 50 -865.051667 13442500 
50 50 -866.033303 13292500 
50 50 -863.772673 12642500 
50 50 -865.678768 11855000 
50 50 -864.156321 16217500 
50 50 -863.248714 13930000 
50 50 -865.473769 14705000 
50 50 -861.966776 16167500 
50 50 -864.154289 16517500 
50 50 -864.634654 13355000 
50 50 -862.489887 14692500 
50 50 -865.264068 14317500 
50 50 -866.224930 12917500 
50 50 -864.082903 15067500 
50 50 -867.382766 14880000 
50 50 -864.235429 15367500 
50 50 -864.832185 12955000 
50 50 -863.878382 15892500 
50 50 -863.823759 14780000 
50 50 -863.349743 17142500 
50 50 -864.048945 13305000 
50 50 -864.275888 15205000 
50 50 -863.615308 16055000 
50 50 -864.616410 15642500 
50 50 -868.564540 15855000 
50 50 -864.099761 15367500 
50 50 -867.056412 13080000 
50 50 -863.818692 15730000 
50 50 -867.510192 14030000 
50 50 -866.116249 13967500 
50 50 -861.648211 13480000 
50 50 -868.513535 15055000 
50 50 -863.751595 16280000 
50 50 -867.417158 12842500 
50 50 -868.087528 15367500 
50 50 -866.987254 13542500 
50 50 -864.103041 14917500 
50 50 -863.571209 14755000 
50 50 -865.438236 14380000 
50 50 -866.990385 13342500 
50 50 -864.256480 15017500 
50 50 -864.225174 15380000 
50 50 -864.111317 15905000 
50 50 -864.272555 13405000 
50 50 -867.211200 13917500 
