Interval E I
10000 -868.689654 381072225 
10000 -864.223594 387406120 
10000   
10000 -865.644310 398463835 
10000   
10000 -868.689654 381354235 
10000 -867.357393 384972655 
10000   
10000 -868.689654 381031130 
10000 -868.689654 382907020 
10000 -866.757495 396776635 
10000   
10000 -864.406038 384982460 
10000   
10000 -867.824994 389498070 
10000 -868.689654 379655540 
10000   
10000 -868.689654 381581980 
10000 -866.796731 387668655 
10000   
10000 -868.689654 380034575 
10000   
10000 -867.824994 387748900 
10000 -866.331745 401628415 
10000 -868.689654 382394820 
10000   
10000 -865.217004 395771920 
10000 -868.689654 381709495 
10000 -868.689654 382126990 
10000 -868.689654 379929860 
10000 -868.689654 380026065 
10000 -868.689654 379030640 
10000   
10000 -868.689654 380459775 
10000 -864.310958 389916680 
10000 -866.757495 396165055 
10000 -867.824994 383655535 
10000 -868.689654 383475695 
10000   
10000 -864.022747 385808660 
10000 -867.144823 383511260 
1000 -868.689654 317016240 
1000 -865.318605 327526150 
1000 -865.265634 325540570 
1000 -868.689654 318265505 
1000 -867.824994 324263080 
1000 -866.776346 320485850 
1000 -863.308749 321657775 
1000   
1000 -864.381728 324000555 
1000   
1000 -867.337009 320086405 
1000 -864.406038 323215800 
1000 -868.669269 317137230 
1000 -865.644310 334300720 
1000   
1000 -866.199329 337622430 
1000 -864.406038 320706380 
1000 -866.199329 337086260 
1000   
1000 -866.336867 344813490 
1000   
1000 -865.217004 331812980 
1000 -868.689654 318111285 
1000 -867.337009 321384170 
1000   
1000 -868.689654 320470505 
1000 -867.824994 324505505 
1000 -868.689654 318198375 
1000   
1000   
1000 -868.689654 319690855 
1000   
1000 -868.669269 317550620 
1000 -862.728009 318745905 
1000 -868.689654 316650770 
1000 -863.326187 336463270 
1000 -867.451004 321555520 
1000 -868.689654 319600695 
1000 -867.602220 323290620 
1000 -865.644310 333823365 
1000 -868.669269 317954160 
100 -865.927570 113481605 
100 -864.381728 111218005 
100 -866.336867 113906005 
100 -867.274001 113412365 
100 -862.584431 111573130 
100   
100 -866.372351 111592005 
100 -862.726642 110858005 
100 -865.252126 112491005 
100 -864.340554 109932275 
100 -866.865248 114265805 
100 -865.998176 114527005 
100 -864.022747 110409505 
100 -864.310958 111093565 
100 -863.043529 113851505 
100 -863.247777 109089115 
100   
100 -866.758361 112656505 
100 -861.266179 115897505 
100 -866.168233 114390505 
100   
100 -866.331745 114050975 
100 -865.656839 118534450 
100 -867.337009 113449055 
100 -867.824994 113460005 
100 -864.537856 111956505 
100 -862.889862 111518665 
100 -864.496326 112083060 
100 -865.355246 115910540 
100   
100 -863.989736 111272505 
100 -864.263582 117312005 
100 -864.696259 112620505 
100 -866.953980 114450005 
100   
100 -866.199329 114276680 
100 -865.318605 112687505 
100 -863.893515 110277005 
100 -863.218461 110073005 
100 -863.866976 109914070 
100 -866.199329 112203505 
10 -860.292861 34053855 
10 -862.609660 34049105 
10   
10 -863.866976 34722255 
10 -863.326187 40913355 
10 -861.966776 34409655 
10 -858.278147 35237905 
10 -866.796731 35138005 
10 -859.434306 35606455 
10   
10 -867.824994 34687255 
10 -865.481720 33425105 
10 -868.669269 35131255 
10   
10 -864.449862 34678430 
10 -860.447587 34298255 
10 -866.358843 35664705 
10 -864.378730 34176105 
10 -864.167286 33445255 
10 -862.880148 35007405 
10 -864.927940 33964105 
10 -865.481720 33558805 
10 -864.223594 35621955 
10 -866.953980 35459455 
10   
10 -865.722900 34587855 
10 -863.212359 32983605 
10 -862.676016 33729355 
10 -866.150344 34540405 
10 -863.416890 35348905 
10 -865.252126 33005905 
10 -864.831818 34228555 
10 -868.669269 34297755 
10 -863.927668 34601655 
10 -863.277378 34021105 
10 -862.649515 37071705 
10   
10 -868.689654 35372705 
10 -865.563124 33105005 
10 -862.058532 37438655 
5000   
5000 -864.496326 375236985 
5000 -868.669269 365952240 
5000 -866.336867 397748285 
5000   
5000 -868.689654 369355905 
5000 -868.689654 371714035 
5000   
5000 -868.689654 371341420 
5000 -863.893515 375605640 
5000 -867.144823 373275235 
5000   
5000 -864.449862 371806365 
5000 -868.689654 370824980 
5000   
5000 -868.669269 368555585 
5000 -866.199329 395690720 
5000 -864.457382 374773220 
5000   
5000   
5000 -866.331745 394232915 
5000 -864.381728 377831300 
5000 -868.689654 371484010 
5000 -868.669269 369910745 
5000   
5000   
5000 -867.824994 376975665 
5000 -868.689654 370739300 
5000 -865.318935 394630545 
5000   
5000 -868.689654 371259740 
5000 -865.959983 401592715 
5000   
5000   
5000 -866.367230 396524595 
5000 -863.932459 373554650 
5000   
5000   
5000 -865.722900 382384070 
5000   
500 -866.144456 290220855 
500 -864.449862 272335635 
500 -866.331745 287805505 
500 -868.689654 265935560 
500 -867.274001 270748370 
500   
500 -868.689654 267363175 
500 -868.669269 266825780 
500 -865.265634 277743500 
500 -866.757495 278763070 
500 -868.689654 267164665 
500   
500   
500   
500   
500 -866.199329 285777235 
500   
500 -868.689654 267803005 
500 -868.689654 267203920 
500 -866.331745 287428305 
500 -863.888724 279206685 
500   
500 -864.010910 283698150 
500 -868.669269 267389250 
500 -862.081104 272703055 
500 -866.367230 290620840 
500   
500 -868.669269 265448440 
500 -866.331745 286418070 
500   
500 -866.037363 269383680 
500 -868.689654 266812335 
500 -866.336867 288301560 
500 -867.824994 271185815 
500 -862.946384 269171970 
500 -865.563124 286798060 
500 -868.669269 267696960 
500 -863.396858 277978095 
500 -868.689654 267094935 
500 -866.367230 289677065 
500 -867.274001 270783080 
50   
50   
50   
50   
50   
50 -867.357393 70568005 
50 -864.276798 70026435 
50   
50 -864.415360 67411755 
50   
50   
50 -867.335086 71206255 
50 -863.043529 75982515 
50 -864.245475 68939755 
50 -864.831831 70532005 
50 -866.367230 66891005 
50 -863.989736 69487755 
50 -868.689654 71060255 
50 -866.796731 70516505 
50 -864.401247 70130755 
50 -865.644310 71069255 
50 -860.971226 69923755 
50 -866.796731 70493255 
50 -868.689654 71067005 
50   
50 -862.931277 73156755 
50   
50 -864.449862 70057255 
50 -868.689654 70797005 
50 -868.689654 70984505 
50 -865.252126 68925890 
50   
50 -865.217004 68890755 
50 -867.602220 70710150 
50 -859.434306 70251505 
50 -866.776346 70916505 
50 -868.689654 71239505 
50   
50 -865.265634 68640755 
50 -864.381728 70674005 
50 -863.575126 69995755 
