m_0 m_1 E I
1000 1000 -868.689654 325125000 
1000 1000 -868.689654 325125000 
1000 1000 -867.824994 325125000 
1000 1000 -868.689654 325125000 
1000 1000 -868.689654 325125000 
1000 1000 -867.451004 325125000 
1000 1000 -868.689654 325125000 
1000 1000 -868.689654 300125000 
1000 1000 -868.689654 325125000 
1000 1000 -868.669269 325125000 
1000 1000 -868.689654 325125000 
1000 1000 -868.689654 325125000 
1000 1000 -864.381728 325125000 
1000 1000 -868.689654 325125000 
1000 1000 -868.689654 325125000 
1000 1000 -868.689654 325125000 
1000 1000 -866.199329 325125000 
1000 1000 -868.689654 300125000 
1000 1000 -867.824994 325125000 
1000 1000 -867.357393 325125000 
1000 1000 -868.689654 325125000 
1000 1000 -868.689654 300125000 
1000 1000 -868.689654 325125000 
1000 1000 -868.689654 300125000 
1000 1000 -864.496326 325125000 
1000 1000 -867.144823 325125000 
1000 1000 -868.689654 325125000 
1000 1000 -868.689654 325125000 
1000 1000 -868.689654 325125000 
1000 1000 -868.689654 325125000 
1000 1000 -868.689654 325125000 
1000 1000 -868.689654 325125000 
1000 1000 -868.689654 325125000 
1000 1000 -868.689654 325125000 
1000 1000 -868.689654 325125000 
1000 1000 -868.689654 300125000 
1000 1000 -867.451004 325125000 
1000 1000 -868.689654 325125000 
1000 1000 -868.689654 325125000 
1000 1000 -867.451004 325125000 
1000 1000 -867.451004 325125000 
1000 1000 -864.406038 325125000 
1000 1000 -868.689654 325125000 
1000 1000 -867.451004 325125000 
1000 1000 -867.357393 325125000 
1000 1000 -868.689654 325125000 
1000 1000 -868.689654 325125000 
1000 1000 -868.689654 325125000 
1000 1000 -868.669269 325125000 
1000 1000 -864.449862 300125000 
1000 1000 -864.430842 325125000 
1000 1000 -868.689654 325125000 
1000 1000 -868.689654 325125000 
1000 1000 -868.689654 325125000 
1000 1000 -868.689654 325125000 
1000 1000 -868.689654 325125000 
1000 1000 -868.689654 325125000 
1000 1000 -866.757495 325125000 
1000 1000 -868.689654 300125000 
1000 1000 -868.689654 325125000 
1000 1000 -867.357393 325125000 
1000 1000 -867.824994 325125000 
1000 1000 -868.689654 325125000 
1000 1000 -868.689654 325125000 
1000 1000 -867.144823 325125000 
1000 1000 -868.669269 325125000 
1000 1000 -864.223594 325125000 
1000 1000 -867.451004 325125000 
1000 1000 -868.689654 325125000 
1000 1000 -867.451004 325125000 
1000 1000 -866.331745 300125000 
1000 1000 -868.689654 325125000 
1000 1000 -868.669269 325125000 
1000 1000 -868.689654 300125000 
1000 1000 -868.689654 325125000 
1000 1000 -868.689654 325125000 
1000 1000 -868.689654 325125000 
1000 1000 -867.897766 325125000 
1000 1000 -868.689654 325125000 
1000 1000 -868.689654 325125000 
1000 1000 -864.223594 325125000 
1000 1000 -868.689654 325125000 
1000 1000 -868.689654 325125000 
1000 1000 -867.451004 325125000 
1000 1000 -864.430842 325125000 
1000 1000 -868.689654 300125000 
1000 1000 -865.656839 325125000 
1000 1000 -864.430842 325125000 
1000 1000 -868.689654 325125000 
1000 1000 -868.689654 325125000 
1000 1000 -868.689654 325125000 
1000 1000 -868.689654 325125000 
1000 1000 -868.689654 325125000 
1000 1000 -867.824994 325125000 
1000 1000 -868.689654 325125000 
1000 1000 -868.689654 325125000 
1000 1000 -867.451004 325125000 
1000 1000 -868.689654 325125000 
1000 1000 -864.496326 300125000 
1000 1000 -864.496326 325125000 
100 1000 -868.689654 250125000 
100 1000 -868.669269 245125000 
100 1000 -864.381728 252625000 
100 1000 -864.449862 250125000 
100 1000 -868.689654 247625000 
100 1000 -864.496326 245125000 
100 1000 -868.669269 245125000 
100 1000 -868.669269 245125000 
100 1000 -868.669269 245125000 
100 1000 -868.689654 245125000 
100 1000 -864.381728 250125000 
100 1000 -868.669269 247625000 
100 1000 -866.757495 245125000 
100 1000 -865.265634 230125000 
100 1000 -868.669269 245125000 
100 1000 -866.776346 247625000 
100 1000 -864.340554 242625000 
100 1000 -868.689654 245125000 
100 1000 -868.689654 245125000 
100 1000 -868.689654 247625000 
100 1000 -864.430842 245125000 
100 1000 -864.406038 247625000 
100 1000 -867.274001 250125000 
100 1000 -866.796731 245125000 
100 1000 -864.410918 245125000 
100 1000 -864.449862 247625000 
100 1000 -864.340554 242625000 
100 1000 -864.381728 247625000 
100 1000 -864.381728 245125000 
100 1000 -868.689654 247625000 
100 1000 -868.689654 245125000 
100 1000 -868.689654 250125000 
100 1000 -868.669269 247625000 
100 1000 -868.689654 247625000 
100 1000 -867.357393 250125000 
100 1000 -866.758361 247625000 
100 1000 -863.485402 242625000 
100 1000 -867.824994 242625000 
100 1000 -868.669269 250125000 
100 1000 -867.451004 260125000 
100 1000 -865.969735 242625000 
100 1000 -867.897766 247625000 
100 1000 -866.367230 225125000 
100 1000 -864.449862 245125000 
100 1000 -868.689654 252625000 
100 1000 -867.897766 250125000 
100 1000 -868.669269 240125000 
100 1000 -864.410918 242625000 
100 1000 -867.824994 245125000 
100 1000 -863.575126 252625000 
100 1000 -868.689654 247625000 
100 1000 -868.669269 247625000 
100 1000 -868.689654 250125000 
100 1000 -864.401247 247625000 
100 1000 -868.689654 180125000 
100 1000 -866.367230 222625000 
100 1000 -868.669269 247625000 
100 1000 -868.689654 247625000 
100 1000 -868.689654 250125000 
100 1000 -865.644310 250125000 
100 1000 -868.689654 252625000 
100 1000 -868.689654 247625000 
100 1000 -867.451004 260125000 
100 1000 -868.689654 247625000 
100 1000 -864.496326 247625000 
100 1000 -866.796731 250125000 
100 1000 -864.381728 250125000 
100 1000 -868.689654 245125000 
100 1000 -868.689654 245125000 
100 1000 -868.689654 247625000 
100 1000 -864.223594 252625000 
100 1000 -868.689654 250125000 
100 1000 -868.689654 247625000 
100 1000 -863.239193 242625000 
100 1000 -867.451004 257625000 
100 1000 -864.223594 250125000 
100 1000 -867.451004 255125000 
100 1000 -868.689654 247625000 
100 1000 -866.796731 247625000 
100 1000 -866.199329 242625000 
100 1000 -863.323454 250125000 
100 1000 -865.217004 242625000 
100 1000 -867.897766 240125000 
100 1000 -868.669269 250125000 
100 1000 -866.336867 245125000 
100 1000 -868.689654 242625000 
100 1000 -868.689654 247625000 
100 1000 -865.580063 245125000 
100 1000 -866.331745 240125000 
100 1000 -864.449862 250125000 
100 1000 -863.323454 230125000 
100 1000 -866.336867 242625000 
100 1000 -868.689654 247625000 
100 1000 -867.824994 245125000 
100 1000 -868.689654 250125000 
100 1000 -867.357393 250125000 
100 1000 -868.689654 252625000 
100 1000 -867.451004 260125000 
100 1000 -868.689654 252625000 
100 1000 -868.669269 250125000 
10 1000 -867.824994 159875000 
10 1000 -868.669269 165375000 
10 1000 -868.689654 165875000 
10 1000 -866.336867 161375000 
10 1000 -867.357393 165125000 
10 1000 -864.022747 166375000 
10 1000 -866.185828 156375000 
10 1000 -864.410918 166125000 
10 1000 -868.689654 164375000 
10 1000 -868.689654 168375000 
10 1000 -864.406038 164375000 
10 1000 -865.481720 156875000 
10 1000 -864.340554 165625000 
10 1000 -867.824994 163375000 
10 1000 -866.331745 160625000 
10 1000 -863.932459 165375000 
10 1000 -865.644310 160375000 
10 1000 -865.217004 157875000 
10 1000 -865.481720 155375000 
10 1000 -866.796731 169375000 
10 1000 -862.793882 191875000 
10 1000 -864.381728 169875000 
10 1000 -864.022747 168125000 
10 1000 -867.144823 166375000 
10 1000 -862.466870 177625000 
10 1000 -863.575126 168875000 
10 1000 -868.669269 167125000 
10 1000 -864.449862 165125000 
10 1000 -867.824994 164375000 
10 1000 -868.669269 164625000 
10 1000 -863.111761 164875000 
10 1000 -868.669269 165625000 
10 1000 -867.824994 161625000 
10 1000 -864.410918 166375000 
10 1000 -867.357393 162875000 
10 1000 -864.381728 171875000 
10 1000 -864.381728 168875000 
10 1000 -863.042116 201875000 
10 1000 -868.669269 166625000 
10 1000 -867.357393 167125000 
10 1000 -868.689654 164375000 
10 1000 -868.689654 164375000 
10 1000 -866.331745 156875000 
10 1000 -866.367230 153625000 
10 1000 -864.245475 166375000 
10 1000 -866.796731 168125000 
10 1000 -868.669269 163875000 
10 1000 -868.689654 165875000 
10 1000 -868.689654 166375000 
10 1000 -864.449862 167875000 
10 1000 -865.265634 152375000 
10 1000 -865.563124 151125000 
10 1000 -864.223594 165625000 
10 1000 -865.969735 163125000 
10 1000 -868.669269 169125000 
10 1000 -863.862185 166375000 
10 1000 -868.669269 164875000 
10 1000 -866.776346 165375000 
10 1000 -864.449862 166125000 
10 1000 -867.144823 164625000 
10 1000 -863.749809 165625000 
10 1000 -868.669269 163875000 
10 1000 -867.108116 162625000 
10 1000 -864.449862 164875000 
10 1000 -864.449862 163375000 
10 1000 -866.372351 155375000 
10 1000 -868.689654 164625000 
10 1000 -862.657425 168125000 
10 1000 -862.593852 168625000 
10 1000 -868.669269 166875000 
10 1000 -868.689654 168375000 
10 1000 -868.689654 163625000 
10 1000 -867.824994 165125000 
10 1000 -864.449862 166625000 
10 1000 -868.689654 162375000 
10 1000 -868.689654 168625000 
10 1000 -868.689654 163375000 
10 1000 -866.367230 150375000 
10 1000 -866.372351 155625000 
10 1000 -868.689654 167125000 
10 1000 -868.689654 163125000 
10 1000 -868.689654 166125000 
10 1000 -868.689654 167625000 
10 1000 -862.444410 166875000 
10 1000 -864.449862 166375000 
10 1000 -868.669269 166875000 
10 1000 -866.367230 150625000 
10 1000 -867.451004 176125000 
10 1000 -865.644310 164625000 
10 1000 -867.451004 174125000 
10 1000 -864.384379 168125000 
10 1000 -864.430842 164625000 
10 1000 -864.401247 167125000 
10 1000 -865.746241 160875000 
10 1000 -865.722900 168125000 
10 1000 -866.199329 157625000 
10 1000 -868.689654 167625000 
10 1000 -867.451004 173875000 
10 1000 -866.106558 146375000 
10 1000 -868.669269 162875000 
50 1000 -867.824994 217625000 
50 1000 -864.406038 217625000 
50 1000 -868.689654 217625000 
50 1000 -866.199329 221375000 
50 1000 -864.381728 225125000 
50 1000 -868.689654 218875000 
50 1000 -868.689654 222625000 
50 1000 -868.689654 217625000 
50 1000 -868.689654 217625000 
50 1000 -868.689654 221375000 
50 1000 -867.824994 217625000 
50 1000 -868.689654 220125000 
50 1000 -867.357393 221375000 
50 1000 -868.689654 223875000 
50 1000 -868.689654 220125000 
50 1000 -863.218461 217625000 
50 1000 -867.357393 220125000 
50 1000 -865.936785 201375000 
50 1000 -867.451004 225125000 
50 1000 -868.669269 223875000 
50 1000 -868.689654 218875000 
50 1000 -868.689654 220125000 
50 1000 -868.689654 218875000 
50 1000 -868.689654 216375000 
50 1000 -865.252126 211375000 
50 1000 -867.824994 216375000 
50 1000 -867.357393 217625000 
50 1000 -867.451004 230125000 
50 1000 -867.451004 226375000 
50 1000 -866.331745 216375000 
50 1000 -863.416890 220125000 
50 1000 -865.265634 193875000 
50 1000 -868.669269 221375000 
50 1000 -868.689654 216375000 
50 1000 -866.199329 215125000 
50 1000 -868.669269 221375000 
50 1000 -868.689654 220125000 
50 1000 -868.689654 220125000 
50 1000 -868.689654 222625000 
50 1000 -868.689654 220125000 
50 1000 -867.337009 222625000 
50 1000 -865.481720 212625000 
50 1000 -868.689654 220125000 
50 1000 -868.669269 221375000 
50 1000 -865.722900 217625000 
50 1000 -867.897766 216375000 
50 1000 -868.669269 222625000 
50 1000 -868.669269 213875000 
50 1000 -868.669269 217625000 
50 1000 -868.669269 220125000 
50 1000 -868.669269 222625000 
50 1000 -868.689654 218875000 
50 1000 -867.451004 227625000 
50 1000 -867.451004 230125000 
50 1000 -867.897766 216375000 
50 1000 -867.824994 218875000 
50 1000 -864.406038 217625000 
50 1000 -868.689654 221375000 
50 1000 -867.357393 221375000 
50 1000 -868.669269 221375000 
50 1000 -868.689654 221375000 
50 1000 -868.689654 216375000 
50 1000 -866.199329 222625000 
50 1000 -868.689654 220125000 
50 1000 -866.953980 222625000 
50 1000 -868.689654 218875000 
50 1000 -868.689654 217625000 
50 1000 -864.381728 221375000 
50 1000 -863.477268 208875000 
50 1000 -868.689654 222625000 
50 1000 -865.722900 220125000 
50 1000 -868.689654 216375000 
50 1000 -868.669269 215125000 
50 1000 -867.451004 230125000 
50 1000 -868.689654 222625000 
50 1000 -867.451004 227625000 
50 1000 -864.496326 217625000 
50 1000 -868.689654 221375000 
50 1000 -865.746241 216375000 
50 1000 -867.451004 230125000 
50 1000 -867.357393 218875000 
50 1000 -868.669269 218875000 
50 1000 -868.669269 218875000 
50 1000 -864.449862 216375000 
50 1000 -867.824994 220125000 
50 1000 -867.357393 212625000 
50 1000 -864.223594 225125000 
50 1000 -868.689654 217625000 
50 1000 -868.689654 220125000 
50 1000 -866.336867 216375000 
50 1000 -866.199329 217625000 
50 1000 -868.689654 218875000 
50 1000 -867.451004 232625000 
50 1000 -865.225586 207625000 
50 1000 -868.689654 225125000 
50 1000 -864.381728 225125000 
50 1000 -868.669269 221375000 
50 1000 -866.757495 218875000 
50 1000 -864.381728 223875000 
50 1000 -867.451004 231375000 
1000 100 -864.223594 310125000 
1000 100 -864.457382 305125000 
1000 100 -868.689654 305125000 
1000 100 -868.669269 307625000 
1000 100 -868.689654 302625000 
1000 100 -868.669269 302625000 
1000 100 -864.457382 297625000 
1000 100 -864.406038 302625000 
1000 100 -868.689654 305125000 
1000 100 -868.689654 305125000 
1000 100 -868.669269 297625000 
1000 100 -868.669269 305125000 
1000 100 -863.323454 302625000 
1000 100 -868.689654 302625000 
1000 100 -868.689654 305125000 
1000 100 -868.669269 307625000 
1000 100 -868.669269 302625000 
1000 100 -867.824994 302625000 
1000 100 -868.689654 302625000 
1000 100 -868.669269 302625000 
1000 100 -868.689654 307625000 
1000 100 -868.689654 307625000 
1000 100 -868.689654 307625000 
1000 100 -867.824994 305125000 
1000 100 -868.689654 300125000 
1000 100 -868.689654 302625000 
1000 100 -864.381728 307625000 
1000 100 -864.381728 307625000 
1000 100 -867.357393 307625000 
1000 100 -868.689654 307625000 
1000 100 -868.689654 305125000 
1000 100 -868.689654 305125000 
1000 100 -865.746241 302625000 
1000 100 -868.669269 305125000 
1000 100 -864.496326 305125000 
1000 100 -864.457382 305125000 
1000 100 -868.669269 302625000 
1000 100 -864.272015 302625000 
1000 100 -868.689654 300125000 
1000 100 -868.669269 302625000 
1000 100 -863.771897 302625000 
1000 100 -866.758361 307625000 
1000 100 -868.689654 305125000 
1000 100 -868.689654 307625000 
1000 100 -868.689654 307625000 
1000 100 -864.406038 305125000 
1000 100 -864.381728 305125000 
1000 100 -868.669269 305125000 
1000 100 -865.644310 307625000 
1000 100 -864.367094 300125000 
1000 100 -868.689654 307625000 
1000 100 -868.689654 300125000 
1000 100 -867.824994 307625000 
1000 100 -868.689654 305125000 
1000 100 -868.689654 307625000 
1000 100 -868.689654 305125000 
1000 100 -864.406038 300125000 
1000 100 -868.689654 305125000 
1000 100 -868.669269 302625000 
1000 100 -868.689654 305125000 
1000 100 -868.689654 305125000 
1000 100 -867.451004 315125000 
1000 100 -865.954862 280125000 
1000 100 -868.689654 302625000 
1000 100 -868.689654 300125000 
1000 100 -867.451004 320125000 
1000 100 -868.689654 302625000 
1000 100 -868.689654 305125000 
1000 100 -868.689654 307625000 
1000 100 -868.689654 307625000 
1000 100 -868.689654 305125000 
1000 100 -868.689654 305125000 
1000 100 -868.689654 302625000 
1000 100 -868.689654 305125000 
1000 100 -866.199329 305125000 
1000 100 -868.689654 302625000 
1000 100 -863.989736 302625000 
1000 100 -868.689654 302625000 
1000 100 -867.357393 305125000 
1000 100 -868.669269 302625000 
1000 100 -864.406038 302625000 
1000 100 -868.689654 307625000 
1000 100 -866.776346 305125000 
1000 100 -868.689654 307625000 
1000 100 -868.689654 302625000 
1000 100 -868.689654 300125000 
1000 100 -868.669269 305125000 
1000 100 -864.449862 297625000 
1000 100 -868.689654 307625000 
1000 100 -867.824994 307625000 
1000 100 -868.689654 305125000 
1000 100 -863.452320 300125000 
1000 100 -865.481720 292625000 
1000 100 -868.689654 297625000 
1000 100 -865.644310 302625000 
1000 100 -868.689654 297625000 
1000 100 -868.689654 297625000 
1000 100 -868.689654 307625000 
1000 100 -868.689654 305125000 
1000 100 -866.708199 305125000 
100 100 -867.824994 246625000 
100 100 -868.669269 246875000 
100 100 -867.824994 245625000 
100 100 -868.689654 245125000 
100 100 -868.689654 244875000 
100 100 -868.689654 244875000 
100 100 -868.689654 247625000 
100 100 -867.824994 242125000 
100 100 -868.669269 238125000 
100 100 -867.451004 255625000 
100 100 -864.430842 242375000 
100 100 -865.367566 224625000 
100 100 -868.689654 248125000 
100 100 -864.406038 237875000 
100 100 -868.669269 245375000 
100 100 -866.199329 246875000 
100 100 -868.669269 247875000 
100 100 -868.669269 246625000 
100 100 -868.689654 246875000 
100 100 -865.563124 231375000 
100 100 -868.669269 239625000 
100 100 -863.989736 247875000 
100 100 -868.689654 245875000 
100 100 -865.746241 247875000 
100 100 -864.401247 245125000 
100 100 -864.381728 248375000 
100 100 -868.689654 248625000 
100 100 -868.689654 243875000 
100 100 -868.689654 243125000 
100 100 -868.669269 243375000 
100 100 -867.451004 256875000 
100 100 -868.689654 244125000 
100 100 -866.199329 242375000 
100 100 -867.824994 246125000 
100 100 -864.457382 246625000 
100 100 -864.496326 241875000 
100 100 -868.689654 246625000 
100 100 -864.384379 241875000 
100 100 -867.144823 247875000 
100 100 -866.547453 245625000 
100 100 -868.689654 246875000 
100 100 -863.007789 262375000 
100 100 -868.669269 246875000 
100 100 -865.481720 228375000 
100 100 -866.796731 244625000 
100 100 -864.457382 243125000 
100 100 -868.669269 245875000 
100 100 -865.217004 183125000 
100 100 -868.689654 247375000 
100 100 -866.199329 243625000 
100 100 -868.689654 249125000 
100 100 -866.776346 245875000 
100 100 -866.758361 246875000 
100 100 -868.669269 245125000 
100 100 -868.689654 245625000 
100 100 -868.669269 239625000 
100 100 -868.689654 243875000 
100 100 -868.669269 244625000 
100 100 -867.897766 248875000 
100 100 -867.824994 245125000 
100 100 -866.953980 246125000 
100 100 -868.689654 243875000 
100 100 -866.824131 247375000 
100 100 -864.410918 245125000 
100 100 -867.824994 247375000 
100 100 -868.689654 248625000 
100 100 -868.689654 245875000 
100 100 -868.689654 240375000 
100 100 -867.824994 247625000 
100 100 -865.481720 235125000 
100 100 -864.457382 245375000 
100 100 -868.689654 243875000 
100 100 -864.340554 239375000 
100 100 -865.217004 235125000 
100 100 -868.689654 241875000 
100 100 -868.689654 245875000 
100 100 -868.689654 245625000 
100 100 -868.689654 249375000 
100 100 -867.357393 247625000 
100 100 -868.669269 201125000 
100 100 -865.225586 204125000 
100 100 -868.689654 249375000 
100 100 -868.689654 245125000 
100 100 -868.669269 246875000 
100 100 -868.669269 194875000 
100 100 -865.481720 236125000 
100 100 -866.757495 244625000 
100 100 -866.199329 246625000 
100 100 -864.335763 246875000 
100 100 -863.485042 243625000 
100 100 -864.410918 246375000 
100 100 -868.689654 242625000 
100 100 -868.689654 242375000 
100 100 -865.656839 241375000 
100 100 -864.384379 244125000 
100 100 -867.451004 255875000 
100 100 -868.669269 248125000 
100 100 -864.381728 248625000 
100 100 -868.689654 243625000 
100 100 -864.449862 244875000 
10 100 -868.689654 165175000 
10 100 -866.199329 163000000 
10 100 -868.689654 161575000 
10 100 -868.669269 165625000 
10 100 -864.449862 165225000 
10 100 -865.028633 157175000 
10 100 -868.689654 166550000 
10 100 -863.893515 165575000 
10 100 -864.384379 165425000 
10 100 -864.340554 163450000 
10 100 -868.669269 164175000 
10 100 -866.372351 153825000 
10 100 -863.485402 167275000 
10 100 -868.669269 163950000 
10 100 -865.318935 157375000 
10 100 -867.108116 163075000 
10 100 -864.430842 161750000 
10 100 -864.456349 145900000 
10 100 -866.199329 164225000 
10 100 -868.689654 164925000 
10 100 -864.456349 152575000 
10 100 -868.669269 166375000 
10 100 -864.381728 169825000 
10 100 -868.669269 163875000 
10 100 -866.118144 150025000 
10 100 -868.689654 165925000 
10 100 -865.644310 162775000 
10 100 -868.689654 168575000 
10 100 -864.701380 166400000 
10 100 -866.776346 168450000 
10 100 -865.644310 165650000 
10 100 -864.223594 169775000 
10 100 -865.217004 159850000 
10 100 -867.451004 174225000 
10 100 -863.893515 161350000 
10 100 -862.895537 187600000 
10 100 -868.669269 166400000 
10 100 -868.689654 165325000 
10 100 -863.004129 191550000 
10 100 -868.689654 167875000 
10 100 -866.199329 158150000 
10 100 -863.575126 170725000 
10 100 -865.954862 152900000 
10 100 -868.689654 166125000 
10 100 -868.669269 167975000 
10 100 -864.449862 165175000 
10 100 -867.824994 164150000 
10 100 -863.485402 165650000 
10 100 -863.866976 164550000 
10 100 -863.323454 159800000 
10 100 -864.335763 166675000 
10 100 -864.496326 164875000 
10 100 -866.367230 152250000 
10 100 -865.217004 156350000 
10 100 -868.689654 165675000 
10 100 -868.669269 163800000 
10 100 -868.669269 164000000 
10 100 -868.689654 163325000 
10 100 -868.689654 165175000 
10 100 -868.669269 169175000 
10 100 -867.824994 161850000 
10 100 -864.381728 166200000 
10 100 -867.824994 161375000 
10 100 -867.451004 161400000 
10 100 -863.866976 162525000 
10 100 -868.689654 163150000 
10 100 -864.449862 166175000 
10 100 -867.451004 170900000 
10 100 -864.381728 168225000 
10 100 -863.866976 163250000 
10 100 -866.757495 159175000 
10 100 -865.028633 154225000 
10 100 -864.496326 166150000 
10 100 -864.410918 163275000 
10 100 -866.199329 161550000 
10 100 -868.689654 165100000 
10 100 -867.337009 161800000 
10 100 -868.689654 166875000 
10 100 -868.689654 167700000 
10 100 -868.689654 162900000 
10 100 -865.943195 163775000 
10 100 -868.669269 159775000 
10 100 -863.042116 181200000 
10 100 -865.656839 158025000 
10 100 -863.152698 163950000 
10 100 -867.451004 174300000 
10 100 -867.337009 166075000 
10 100 -866.199329 162525000 
10 100 -865.252126 159775000 
10 100 -865.481720 158150000 
10 100 -868.689654 163700000 
10 100 -864.381728 167025000 
10 100 -865.722900 164750000 
10 100 -868.689654 169000000 
10 100 -865.481720 151975000 
10 100 -868.689654 166075000 
10 100 -868.689654 167500000 
10 100 -867.897766 166725000 
10 100 -864.410918 166175000 
10 100 -868.669269 168250000 
50 100 -868.669269 220750000 
50 100 -868.689654 217375000 
50 100 -863.485402 215625000 
50 100 -868.689654 215250000 
50 100 -868.689654 220125000 
50 100 -868.669269 219500000 
50 100 -868.689654 217000000 
50 100 -868.689654 215875000 
50 100 -864.449862 217625000 
50 100 -863.485402 218125000 
50 100 -868.689654 221625000 
50 100 -868.669269 216375000 
50 100 -868.689654 220000000 
50 100 -864.223594 222250000 
50 100 -868.689654 219250000 
50 100 -868.689654 218000000 
50 100 -868.669269 216750000 
50 100 -865.210038 212250000 
50 100 -867.144823 219875000 
50 100 -868.669269 220500000 
50 100 -864.449862 216250000 
50 100 -867.451004 225750000 
50 100 -868.689654 215500000 
50 100 -868.669269 219375000 
50 100 -868.689654 214000000 
50 100 -864.406038 213250000 
50 100 -864.496326 217750000 
50 100 -864.381728 219750000 
50 100 -867.451004 230250000 
50 100 -864.381728 221000000 
50 100 -866.367230 201875000 
50 100 -865.746241 220625000 
50 100 -866.199329 211750000 
50 100 -863.575126 221750000 
50 100 -864.223594 223125000 
50 100 -863.523217 216500000 
50 100 -863.007789 261750000 
50 100 -864.837298 209750000 
50 100 -868.669269 214000000 
50 100 -868.689654 215250000 
50 100 -864.381728 224250000 
50 100 -868.669269 217000000 
50 100 -868.689654 218250000 
50 100 -868.689654 220625000 
50 100 -865.554907 213875000 
50 100 -868.689654 218250000 
50 100 -863.893515 213750000 
50 100 -864.223594 221375000 
50 100 -864.381728 221125000 
50 100 -864.406038 214750000 
50 100 -868.689654 218750000 
50 100 -868.689654 217625000 
50 100 -868.689654 220250000 
50 100 -865.265634 199250000 
50 100 -864.381728 222500000 
50 100 -868.669269 216875000 
50 100 -864.384379 217375000 
50 100 -868.689654 216500000 
50 100 -867.451004 221000000 
50 100 -868.689654 216625000 
50 100 -868.689654 218250000 
50 100 -868.689654 213875000 
50 100 -864.381728 223875000 
50 100 -866.199329 217500000 
50 100 -868.689654 217875000 
50 100 -868.689654 217875000 
50 100 -868.689654 215875000 
50 100 -864.401247 215250000 
50 100 -867.451004 228125000 
50 100 -868.669269 220875000 
50 100 -867.357393 215250000 
50 100 -867.824994 214500000 
50 100 -867.824994 213375000 
50 100 -868.689654 217625000 
50 100 -868.689654 221000000 
50 100 -868.669269 217500000 
50 100 -868.689654 218125000 
50 100 -868.669269 219250000 
50 100 -868.669269 218875000 
50 100 -868.669269 219875000 
50 100 -868.669269 214625000 
50 100 -863.932459 219125000 
50 100 -862.946384 229750000 
50 100 -864.381728 222375000 
50 100 -864.430842 213750000 
50 100 -867.274001 221375000 
50 100 -868.669269 216750000 
50 100 -868.689654 218250000 
50 100 -864.381728 220500000 
50 100 -868.689654 215750000 
50 100 -867.337009 219375000 
50 100 -867.357393 220625000 
50 100 -868.669269 216500000 
50 100 -866.199329 215375000 
50 100 -868.689654 221125000 
50 100 -865.554907 216375000 
50 100 -863.133906 216750000 
50 100 -868.689654 216625000 
50 100 -868.669269 218125000 
50 100 -863.862185 219250000 
1000 10 -866.367230 286875000 
1000 10 -868.689654 304125000 
1000 10 -868.689654 303375000 
1000 10 -868.689654 294875000 
1000 10 -864.381728 306125000 
1000 10 -868.669269 305625000 
1000 10 -864.496326 299125000 
1000 10 -868.689654 302375000 
1000 10 -868.689654 297125000 
1000 10 -868.689654 299625000 
1000 10 -868.689654 304125000 
1000 10 -868.669269 303875000 
1000 10 -867.357393 302125000 
1000 10 -867.824994 302375000 
1000 10 -864.457382 299125000 
1000 10 -868.689654 303125000 
1000 10 -868.689654 304875000 
1000 10 -868.689654 302875000 
1000 10 -868.689654 296375000 
1000 10 -868.689654 305375000 
1000 10 -868.689654 303375000 
1000 10 -868.689654 301875000 
1000 10 -868.689654 302625000 
1000 10 -868.689654 299125000 
1000 10 -866.757495 301375000 
1000 10 -868.689654 303375000 
1000 10 -868.689654 303375000 
1000 10 -868.669269 293125000 
1000 10 -868.689654 306375000 
1000 10 -864.449862 288625000 
1000 10 -868.669269 299375000 
1000 10 -868.689654 303375000 
1000 10 -868.669269 298375000 
1000 10 -868.689654 303125000 
1000 10 -863.485402 295125000 
1000 10 -868.689654 299125000 
1000 10 -868.689654 304375000 
1000 10 -868.689654 300875000 
1000 10 -868.689654 303375000 
1000 10 -868.669269 303875000 
1000 10 -867.357393 304375000 
1000 10 -868.689654 302625000 
1000 10 -864.381728 304625000 
1000 10 -865.746241 300125000 
1000 10 -868.689654 301125000 
1000 10 -868.689654 300125000 
1000 10 -868.689654 305125000 
1000 10 -868.689654 301125000 
1000 10 -868.689654 300375000 
1000 10 -868.669269 303625000 
1000 10 -868.689654 305625000 
1000 10 -868.669269 305375000 
1000 10 -868.689654 303375000 
1000 10 -868.689654 305625000 
1000 10 -868.689654 302875000 
1000 10 -868.669269 302375000 
1000 10 -866.757495 294875000 
1000 10 -868.689654 302875000 
1000 10 -868.689654 305125000 
1000 10 -868.689654 304125000 
1000 10 -868.689654 303125000 
1000 10 -868.689654 303125000 
1000 10 -864.406038 293625000 
1000 10 -864.496326 301375000 
1000 10 -867.824994 303625000 
1000 10 -868.689654 303875000 
1000 10 -868.669269 300625000 
1000 10 -868.689654 302125000 
1000 10 -868.689654 304875000 
1000 10 -868.689654 304125000 
1000 10 -868.689654 294125000 
1000 10 -868.669269 299625000 
1000 10 -868.689654 301625000 
1000 10 -868.689654 301375000 
1000 10 -864.457382 298875000 
1000 10 -868.689654 300875000 
1000 10 -868.669269 305625000 
1000 10 -868.689654 303375000 
1000 10 -864.381728 304875000 
1000 10 -868.669269 299875000 
1000 10 -865.217004 292125000 
1000 10 -864.449862 301875000 
1000 10 -868.689654 301125000 
1000 10 -867.824994 301875000 
1000 10 -868.689654 303625000 
1000 10 -868.689654 298875000 
1000 10 -864.457382 302625000 
1000 10 -868.689654 301875000 
1000 10 -863.888724 298125000 
1000 10 -864.381728 302125000 
1000 10 -868.689654 299375000 
1000 10 -868.669269 301375000 
1000 10 -868.689654 300375000 
1000 10 -868.689654 302375000 
1000 10 -868.689654 300875000 
1000 10 -866.367230 278125000 
1000 10 -868.689654 301125000 
1000 10 -864.310958 299625000 
1000 10 -868.689654 299875000 
1000 10 -866.199329 303375000 
100 10 -863.989736 248750000 
100 10 -867.451004 252100000 
100 10 -867.144823 247000000 
100 10 -868.689654 183375000 
100 10 -864.381728 250950000 
100 10 -868.689654 245650000 
100 10 -867.824994 245600000 
100 10 -868.669269 249200000 
100 10 -864.178608 224325000 
100 10 -864.660062 238025000 
100 10 -868.689654 241000000 
100 10 -864.430842 241425000 
100 10 -868.669269 247125000 
100 10 -865.481720 236075000 
100 10 -863.866976 241525000 
100 10 -864.430842 240500000 
100 10 -867.824994 242175000 
100 10 -868.689654 246025000 
100 10 -868.689654 243950000 
100 10 -864.406038 242975000 
100 10 -867.824994 244450000 
100 10 -868.689654 242700000 
100 10 -866.758361 248150000 
100 10 -868.669269 247425000 
100 10 -868.689654 246825000 
100 10 -866.367230 227175000 
100 10 -864.381728 249050000 
100 10 -865.860360 251050000 
100 10 -868.689654 248400000 
100 10 -868.689654 244625000 
100 10 -867.451004 252225000 
100 10 -863.957264 242350000 
100 10 -868.689654 245275000 
100 10 -866.106558 222925000 
100 10 -866.336867 241725000 
100 10 -865.481720 237275000 
100 10 -864.384379 244725000 
100 10 -868.669269 245775000 
100 10 -864.496326 243625000 
100 10 -868.669269 243450000 
100 10 -868.689654 246375000 
100 10 -866.199329 239450000 
100 10 -868.669269 247175000 
100 10 -865.217004 238275000 
100 10 -868.689654 245550000 
100 10 -868.689654 246000000 
100 10 -867.897766 245100000 
100 10 -866.114094 189775000 
100 10 -864.406038 243375000 
100 10 -868.689654 244925000 
100 10 -868.689654 247350000 
100 10 -864.381728 248600000 
100 10 -865.563124 226750000 
100 10 -864.449862 241150000 
100 10 -866.331745 235300000 
100 10 -867.824994 243575000 
100 10 -866.199329 237575000 
100 10 -868.689654 242325000 
100 10 -868.689654 247100000 
100 10 -864.381728 248825000 
100 10 -868.689654 245350000 
100 10 -867.824994 241625000 
100 10 -866.106558 222725000 
100 10 -868.689654 245275000 
100 10 -867.124439 243150000 
100 10 -864.367094 245425000 
100 10 -868.689654 242700000 
100 10 -862.657425 246400000 
100 10 -868.574333 174125000 
100 10 -866.372351 226950000 
100 10 -864.449862 246800000 
100 10 -867.824994 243800000 
100 10 -868.669269 245275000 
100 10 -864.410918 239600000 
100 10 -866.199329 246675000 
100 10 -863.289199 245625000 
100 10 -868.689654 246575000 
100 10 -868.689654 247525000 
100 10 -868.669269 247525000 
100 10 -868.689654 248125000 
100 10 -864.831818 236325000 
100 10 -866.331745 241325000 
100 10 -865.888549 227475000 
100 10 -868.689654 243275000 
100 10 -868.689654 249000000 
100 10 -863.989736 246825000 
100 10 -867.824994 244200000 
100 10 -868.689654 247000000 
100 10 -866.367230 227250000 
100 10 -868.689654 247250000 
100 10 -864.384379 242875000 
100 10 -866.331745 226200000 
100 10 -868.669269 246425000 
100 10 -867.357393 243400000 
100 10 -863.932459 236475000 
100 10 -868.669269 247550000 
100 10 -868.689654 244900000 
100 10 -868.689654 247225000 
100 10 -865.481720 235450000 
100 10 -865.644310 242625000 
10 10 -868.689654 164457500 
10 10 -863.575126 168987500 
10 10 -863.447529 168457500 
10 10 -864.223594 168027500 
10 10 -866.796731 165442500 
10 10 -864.496326 163962500 
10 10 -863.575126 167162500 
10 10 -866.479148 162847500 
10 10 -866.336867 159045000 
10 10 -866.199329 160945000 
10 10 -865.954862 152612500 
10 10 -868.669269 164420000 
10 10 -864.381728 170305000 
10 10 -866.367230 155095000 
10 10 -864.367094 163460000 
10 10 -865.746241 159245000 
10 10 -863.523217 164562500 
10 10 -863.542608 167342500 
10 10 -865.252126 157520000 
10 10 -864.430842 164852500 
10 10 -865.481720 159762500 
10 10 -863.170436 201335000 
10 10 -864.381728 169412500 
10 10 -868.689654 168795000 
10 10 -864.335763 166770000 
10 10 -865.722900 163122500 
10 10 -867.357393 166587500 
10 10 -868.689654 163997500 
10 10 -866.367230 152650000 
10 10 -864.430842 164070000 
10 10 -864.449862 164587500 
10 10 -868.669269 164600000 
10 10 -867.897766 163652500 
10 10 -863.485042 164760000 
10 10 -868.689654 166592500 
10 10 -864.381728 165810000 
10 10 -868.689654 161057500 
10 10 -864.449862 163917500 
10 10 -864.449862 164467500 
10 10 -863.170436 189952500 
10 10 -860.241885 174585000 
10 10 -865.969735 168742500 
10 10 -862.727312 218557500 
10 10 -863.485042 161665000 
10 10 -868.689654 165657500 
10 10 -867.357393 161872500 
10 10 -863.416890 169340000 
10 10 -864.496326 163990000 
10 10 -862.516195 172295000 
10 10 -865.088358 167485000 
10 10 -865.473722 152165000 
10 10 -868.689654 166897500 
10 10 -863.932459 165120000 
10 10 -864.496326 165872500 
10 10 -863.183031 168722500 
10 10 -862.806052 175112500 
10 10 -863.208836 167037500 
10 10 -866.155465 162140000 
10 10 -867.824994 160770000 
10 10 -866.199329 165662500 
10 10 -867.335086 163950000 
10 10 -868.689654 168900000 
10 10 -865.217004 159555000 
10 10 -862.865915 163370000 
10 10 -864.223594 167187500 
10 10 -864.496326 166707500 
10 10 -866.336867 163785000 
10 10 -859.861894 176267500 
10 10 -866.367230 153407500 
10 10 -864.335763 164757500 
10 10 -868.689654 164170000 
10 10 -867.337009 165142500 
10 10 -864.022747 164757500 
10 10 -867.824994 160987500 
10 10 -864.367094 165807500 
10 10 -866.150344 162562500 
10 10 -866.372351 152045000 
10 10 -866.108972 160525000 
10 10 -864.384379 163745000 
10 10 -868.689654 164167500 
10 10 -868.689654 166777500 
10 10 -868.689654 167297500 
10 10 -864.449862 163325000 
10 10 -868.689654 167687500 
10 10 -864.496326 164217500 
10 10 -866.199329 164122500 
10 10 -863.326187 205475000 
10 10 -864.272015 166660000 
10 10 -862.815916 157307500 
10 10 -864.457382 163635000 
10 10 -863.932459 165882500 
10 10 -865.481720 159082500 
10 10 -866.372351 152840000 
10 10 -864.926701 158155000 
10 10 -867.274001 165417500 
10 10 -866.372351 154402500 
10 10 -865.554907 165447500 
10 10 -864.728519 164557500 
10 10 -864.406038 165512500 
10 10 -864.496326 166017500 
50 10 -867.274001 221900000 
50 10 -866.336867 213075000 
50 10 -865.318935 206275000 
50 10 -863.328143 220587500 
50 10 -866.796731 220475000 
50 10 -863.983803 217225000 
50 10 -864.430842 217312500 
50 10 -865.481720 209900000 
50 10 -868.689654 218562500 
50 10 -868.689654 217312500 
50 10 -864.223594 222350000 
50 10 -866.757495 213787500 
50 10 -864.406038 217437500 
50 10 -865.554907 218875000 
50 10 -866.331745 215262500 
50 10 -868.669269 219112500 
50 10 -868.689654 216925000 
50 10 -864.223594 216975000 
50 10 -865.644310 215562500 
50 10 -867.451004 225387500 
50 10 -865.217004 199187500 
50 10 -866.372351 200712500 
50 10 -868.689654 219212500 
50 10 -868.689654 220362500 
50 10 -867.451004 226537500 
50 10 -868.669269 218750000 
50 10 -867.602220 210650000 
50 10 -868.689654 221825000 
50 10 -864.406038 215862500 
50 10 -868.669269 217512500 
50 10 -864.381728 222025000 
50 10 -864.457382 216775000 
50 10 -864.111909 152675000 
50 10 -868.669269 218350000 
50 10 -865.570591 219137500 
50 10 -864.335763 219200000 
50 10 -864.406038 216675000 
50 10 -866.953980 217950000 
50 10 -866.953980 207687500 
50 10 -865.570591 216575000 
50 10 -863.323454 214225000 
50 10 -868.689654 215400000 
50 10 -868.669269 221312500 
50 10 -864.449862 215275000 
50 10 -867.824994 218850000 
50 10 -865.746241 217987500 
50 10 -864.276798 211950000 
50 10 -865.481720 207787500 
50 10 -864.955712 199750000 
50 10 -868.689654 216987500 
50 10 -867.357393 219550000 
50 10 -864.384379 216112500 
50 10 -868.689654 218262500 
50 10 -866.118144 198400000 
50 10 -866.372351 203787500 
50 10 -863.866976 219875000 
50 10 -866.199329 215650000 
50 10 -868.689654 221275000 
50 10 -866.199329 216137500 
50 10 -865.265634 200250000 
50 10 -866.199329 215637500 
50 10 -868.669269 222162500 
50 10 -864.203692 198712500 
50 10 -865.473722 202500000 
50 10 -865.644310 216112500 
50 10 -868.669269 215075000 
50 10 -866.331745 209050000 
50 10 -868.689654 219287500 
50 10 -865.217004 208662500 
50 10 -862.969757 231437500 
50 10 -867.451004 226700000 
50 10 -866.367230 201900000 
50 10 -866.367230 200887500 
50 10 -862.468044 215725000 
50 10 -867.451004 227675000 
50 10 -863.323454 214387500 
50 10 -865.252126 205725000 
50 10 -868.669269 215125000 
50 10 -865.653470 195300000 
50 10 -866.199329 223937500 
50 10 -865.644310 216512500 
50 10 -868.689654 219900000 
50 10 -865.722900 218287500 
50 10 -868.689654 217825000 
50 10 -864.496326 219437500 
50 10 -864.496326 209937500 
50 10 -864.406038 217137500 
50 10 -865.563124 200575000 
50 10 -868.669269 218575000 
50 10 -862.865374 217175000 
50 10 -867.357393 220050000 
50 10 -865.265634 201150000 
50 10 -868.669269 218400000 
50 10 -868.689654 220537500 
50 10 -865.722900 216437500 
50 10 -863.416890 223987500 
50 10 -868.689654 217662500 
50 10 -866.372351 204687500 
50 10 -866.757495 216012500 
50 10 -868.669269 216787500 
1000 50 -868.669269 303875000 
1000 50 -868.689654 303875000 
1000 50 -868.689654 302625000 
1000 50 -868.669269 300125000 
1000 50 -868.689654 306375000 
1000 50 -864.496326 300125000 
1000 50 -868.689654 303875000 
1000 50 -868.669269 302625000 
1000 50 -868.689654 303875000 
1000 50 -867.824994 303875000 
1000 50 -868.669269 303875000 
1000 50 -868.689654 301375000 
1000 50 -866.199329 296375000 
1000 50 -864.449862 302625000 
1000 50 -868.669269 306375000 
1000 50 -868.689654 307625000 
1000 50 -868.669269 307625000 
1000 50 -865.265634 287625000 
1000 50 -868.689654 298875000 
1000 50 -868.689654 306375000 
1000 50 -868.689654 302625000 
1000 50 -868.689654 307625000 
1000 50 -868.669269 300125000 
1000 50 -864.245475 300125000 
1000 50 -868.689654 290125000 
1000 50 -868.689654 303875000 
1000 50 -868.689654 306375000 
1000 50 -868.689654 301375000 
1000 50 -866.199329 300125000 
1000 50 -866.367230 285125000 
1000 50 -868.689654 305125000 
1000 50 -868.669269 296375000 
1000 50 -864.381728 307625000 
1000 50 -868.689654 302625000 
1000 50 -867.451004 318875000 
1000 50 -868.689654 303875000 
1000 50 -868.689654 303875000 
1000 50 -867.824994 306375000 
1000 50 -866.331745 298875000 
1000 50 -867.357393 305125000 
1000 50 -868.689654 303875000 
1000 50 -868.669269 301375000 
1000 50 -868.689654 305125000 
1000 50 -866.199329 295125000 
1000 50 -867.451004 316375000 
1000 50 -868.689654 306375000 
1000 50 -868.669269 302625000 
1000 50 -868.689654 306375000 
1000 50 -868.689654 300125000 
1000 50 -868.689654 301375000 
1000 50 -868.689654 305125000 
1000 50 -865.265634 285125000 
1000 50 -868.689654 302625000 
1000 50 -868.689654 280125000 
1000 50 -868.689654 306375000 
1000 50 -868.689654 301375000 
1000 50 -868.689654 305125000 
1000 50 -868.669269 276375000 
1000 50 -868.689654 300125000 
1000 50 -868.689654 305125000 
1000 50 -868.669269 301375000 
1000 50 -868.689654 305125000 
1000 50 -868.689654 306375000 
1000 50 -868.689654 300125000 
1000 50 -867.357393 303875000 
1000 50 -868.669269 306375000 
1000 50 -868.689654 301375000 
1000 50 -868.669269 305125000 
1000 50 -868.689654 280125000 
1000 50 -868.689654 303875000 
1000 50 -868.689654 305125000 
1000 50 -867.824994 305125000 
1000 50 -868.669269 303875000 
1000 50 -867.824994 306375000 
1000 50 -868.689654 301375000 
1000 50 -868.689654 305125000 
1000 50 -868.689654 295125000 
1000 50 -864.381728 308875000 
1000 50 -868.669269 307625000 
1000 50 -868.689654 298875000 
1000 50 -866.367230 290125000 
1000 50 -864.367094 301375000 
1000 50 -868.689654 298875000 
1000 50 -864.496326 303875000 
1000 50 -868.689654 302625000 
1000 50 -868.689654 303875000 
1000 50 -864.496326 302625000 
1000 50 -866.199329 301375000 
1000 50 -868.689654 303875000 
1000 50 -868.689654 303875000 
1000 50 -864.457382 303875000 
1000 50 -868.689654 306375000 
1000 50 -866.199329 310125000 
1000 50 -868.689654 303875000 
1000 50 -867.357393 298875000 
1000 50 -863.485402 270125000 
1000 50 -868.689654 302625000 
1000 50 -868.689654 306375000 
1000 50 -868.669269 310125000 
1000 50 -868.689654 302625000 
100 50 -865.225586 228125000 
100 50 -865.318935 231875000 
100 50 -868.669269 246000000 
100 50 -868.689654 246000000 
100 50 -865.481720 236875000 
100 50 -868.689654 247625000 
100 50 -868.689654 248875000 
100 50 -868.669269 243750000 
100 50 -868.689654 251875000 
100 50 -867.824994 244625000 
100 50 -863.989736 249875000 
100 50 -868.689654 244250000 
100 50 -868.669269 245125000 
100 50 -868.689654 244375000 
100 50 -868.669269 249000000 
100 50 -866.106558 218375000 
100 50 -865.225586 227375000 
100 50 -865.318935 233750000 
100 50 -868.689654 249750000 
100 50 -866.199329 242625000 
100 50 -867.824994 242875000 
100 50 -865.252126 232375000 
100 50 -864.496326 244500000 
100 50 -864.381728 249375000 
100 50 -868.689654 246625000 
100 50 -868.689654 242375000 
100 50 -868.689654 248875000 
100 50 -868.689654 245750000 
100 50 -868.669269 250375000 
100 50 -868.689654 240750000 
100 50 -868.669269 243625000 
100 50 -864.496326 242625000 
100 50 -863.452320 238750000 
100 50 -864.496326 243875000 
100 50 -864.496326 247125000 
100 50 -864.022747 245750000 
100 50 -864.449862 244250000 
100 50 -868.669269 242500000 
100 50 -864.457382 243375000 
100 50 -864.310958 242250000 
100 50 -868.669269 246500000 
100 50 -868.689654 248625000 
100 50 -868.669269 242875000 
100 50 -868.689654 243250000 
100 50 -867.824994 244500000 
100 50 -867.824994 244625000 
100 50 -868.689654 244250000 
100 50 -866.367230 227000000 
100 50 -864.449862 246625000 
100 50 -866.776346 249625000 
100 50 -862.950244 248625000 
100 50 -868.689654 243250000 
100 50 -867.824994 243750000 
100 50 -868.689654 248500000 
100 50 -868.689654 246000000 
100 50 -864.381728 245250000 
100 50 -868.689654 245500000 
100 50 -864.406038 243875000 
100 50 -868.689654 248250000 
100 50 -867.824994 246875000 
100 50 -868.689654 244375000 
100 50 -868.669269 245250000 
100 50 -868.689654 245750000 
100 50 -868.669269 244375000 
100 50 -868.689654 245625000 
100 50 -864.381728 248125000 
100 50 -863.523217 240125000 
100 50 -864.406038 244375000 
100 50 -867.451004 252875000 
100 50 -867.451004 250000000 
100 50 -868.689654 245750000 
100 50 -868.669269 250250000 
100 50 -868.689654 247750000 
100 50 -868.669269 242375000 
100 50 -866.367230 220125000 
100 50 -868.689654 244375000 
100 50 -867.144823 244500000 
100 50 -868.669269 243750000 
100 50 -863.575126 249375000 
100 50 -868.689654 244125000 
100 50 -863.485402 242500000 
100 50 -868.689654 249125000 
100 50 -864.449862 240750000 
100 50 -864.381728 248875000 
100 50 -867.451004 257250000 
100 50 -867.451004 259125000 
100 50 -864.449862 243750000 
100 50 -865.943195 241750000 
100 50 -865.746241 243375000 
100 50 -865.722900 245250000 
100 50 -865.644310 250250000 
100 50 -864.381728 250750000 
100 50 -868.689654 247750000 
100 50 -864.406038 238875000 
100 50 -866.758361 242000000 
100 50 -867.357393 247000000 
100 50 -865.217004 235250000 
100 50 -864.449862 242750000 
100 50 -867.824994 244750000 
100 50 -866.367230 228750000 
10 50 -868.669269 165537500 
10 50 -868.669269 166437500 
10 50 -866.118144 146875000 
10 50 -866.367230 150262500 
10 50 -865.481720 159300000 
10 50 -868.689654 166975000 
10 50 -867.357393 163100000 
10 50 -864.381728 162137500 
10 50 -864.310958 164375000 
10 50 -864.449862 165387500 
10 50 -865.367566 146750000 
10 50 -864.449862 164900000 
10 50 -868.689654 165950000 
10 50 -866.372351 154887500 
10 50 -868.669269 164300000 
10 50 -865.217004 157300000 
10 50 -868.689654 165925000 
10 50 -862.931277 174412500 
10 50 -868.689654 164925000 
10 50 -868.669269 162237500 
10 50 -863.989736 167312500 
10 50 -868.689654 165337500 
10 50 -863.007789 202437500 
10 50 -868.689654 165837500 
10 50 -864.223594 165825000 
10 50 -864.449862 162837500 
10 50 -868.669269 166787500 
10 50 -865.943195 163850000 
10 50 -867.087731 164000000 
10 50 -865.217004 155400000 
10 50 -865.367566 150525000 
10 50 -868.689654 166675000 
10 50 -864.430842 163725000 
10 50 -864.722236 150725000 
10 50 -868.689654 165662500 
10 50 -864.496326 163550000 
10 50 -864.406038 161762500 
10 50 -866.185828 156037500 
10 50 -868.669269 166837500 
10 50 -866.757495 161875000 
10 50 -864.496326 165050000 
10 50 -867.824994 163425000 
10 50 -866.118144 147550000 
10 50 -867.451004 173025000 
10 50 -864.381728 169037500 
10 50 -864.367094 163487500 
10 50 -865.318935 156012500 
10 50 -864.381728 168212500 
10 50 -864.410918 162237500 
10 50 -868.669269 163187500 
10 50 -866.199329 162287500 
10 50 -868.669269 165075000 
10 50 -866.704702 163800000 
10 50 -868.689654 166812500 
10 50 -866.199329 158012500 
10 50 -868.689654 165675000 
10 50 -865.217004 157700000 
10 50 -868.669269 161500000 
10 50 -868.689654 163887500 
10 50 -866.367230 149575000 
10 50 -868.689654 165512500 
10 50 -866.199329 166375000 
10 50 -864.381728 167962500 
10 50 -864.381728 169675000 
10 50 -864.340554 165675000 
10 50 -866.199329 163050000 
10 50 -862.946384 177925000 
10 50 -864.367094 160437500 
10 50 -863.452320 167537500 
10 50 -866.367230 151425000 
10 50 -862.657425 164212500 
10 50 -864.223594 171237500 
10 50 -868.669269 166412500 
10 50 -864.496326 166462500 
10 50 -868.689654 168175000 
10 50 -863.932459 166575000 
10 50 -868.689654 165987500 
10 50 -864.430842 162387500 
10 50 -865.318605 167600000 
10 50 -867.824994 158600000 
10 50 -867.357393 159750000 
10 50 -866.336867 157225000 
10 50 -863.452320 162312500 
10 50 -864.384379 163412500 
10 50 -865.252126 160512500 
10 50 -866.336867 158012500 
10 50 -868.669269 165575000 
10 50 -865.644310 158487500 
10 50 -865.217004 159975000 
10 50 -864.310958 164187500 
10 50 -864.496326 162062500 
10 50 -865.644310 164625000 
10 50 -866.367230 152887500 
10 50 -863.447529 168150000 
10 50 -863.323454 166825000 
10 50 -865.217004 155850000 
10 50 -862.761767 185375000 
10 50 -864.022747 164025000 
10 50 -868.669269 162325000 
10 50 -868.689654 168937500 
50 50 -864.496326 207000000 
50 50 -868.669269 216625000 
50 50 -863.120437 257437500 
50 50 -864.381728 222750000 
50 50 -868.689654 213687500 
50 50 -865.217004 206562500 
50 50 -866.118144 194000000 
50 50 -868.689654 221437500 
50 50 -868.689654 217437500 
50 50 -864.496326 217625000 
50 50 -863.932459 213312500 
50 50 -868.669269 219812500 
50 50 -868.689654 220375000 
50 50 -868.689654 220875000 
50 50 -865.563124 203375000 
50 50 -867.451004 229437500 
50 50 -868.669269 218437500 
50 50 -867.451004 224687500 
50 50 -868.669269 219000000 
50 50 -864.381728 224375000 
50 50 -868.669269 219875000 
50 50 -865.481720 207125000 
50 50 -868.689654 220875000 
50 50 -866.144456 199437500 
50 50 -862.164976 218937500 
50 50 -868.689654 215000000 
50 50 -865.481720 202375000 
50 50 -865.265634 200375000 
50 50 -867.124439 211187500 
50 50 -865.943195 214312500 
50 50 -866.331745 212250000 
50 50 -868.689654 216125000 
50 50 -868.689654 221187500 
50 50 -866.199329 213500000 
50 50 -864.340554 217562500 
50 50 -864.449862 217625000 
50 50 -868.669269 221437500 
50 50 -864.010910 206750000 
50 50 -868.689654 221375000 
50 50 -868.689654 216750000 
50 50 -863.575126 223062500 
50 50 -864.384379 216812500 
50 50 -866.199329 222000000 
50 50 -864.340554 215250000 
50 50 -868.689654 215312500 
50 50 -868.669269 222250000 
50 50 -864.449862 217125000 
50 50 -864.340554 211000000 
50 50 -868.669269 218500000 
50 50 -864.430842 215687500 
50 50 -864.223594 222875000 
50 50 -867.824994 213687500 
50 50 -864.384379 218375000 
50 50 -866.199329 215812500 
50 50 -867.824994 217812500 
50 50 -867.602220 217187500 
50 50 -866.796731 219937500 
50 50 -868.689654 219187500 
50 50 -868.669269 217125000 
50 50 -863.326187 243687500 
50 50 -868.689654 217000000 
50 50 -868.669269 219312500 
50 50 -865.722900 220125000 
50 50 -868.689654 218625000 
50 50 -868.669269 213312500 
50 50 -864.457382 217750000 
50 50 -864.381728 221375000 
50 50 -866.336867 213437500 
50 50 -868.689654 216750000 
50 50 -865.093480 221312500 
50 50 -868.689654 220250000 
50 50 -868.669269 210312500 
50 50 -868.689654 220500000 
50 50 -867.451004 220062500 
50 50 -866.718458 221437500 
50 50 -864.410918 214500000 
50 50 -868.669269 212562500 
50 50 -864.272015 214000000 
50 50 -868.669269 220437500 
50 50 -868.689654 217187500 
50 50 -868.689654 216062500 
50 50 -868.689654 220500000 
50 50 -868.669269 219812500 
50 50 -865.862009 195750000 
50 50 -868.689654 215500000 
50 50 -863.837380 219125000 
50 50 -868.689654 218250000 
50 50 -863.989736 159875000 
50 50 -864.381728 217687500 
50 50 -868.669269 219187500 
50 50 -865.554907 214937500 
50 50 -864.496326 219937500 
50 50 -868.689654 218625000 
50 50 -864.831818 208937500 
50 50 -867.824994 210812500 
50 50 -868.669269 220187500 
50 50 -868.669269 219312500 
50 50 -864.223594 221937500 
50 50 -866.367230 193187500 
50 50 -866.331745 214562500 
