Interval E I
10000 -868.669269 1086064480 
10000 -864.449862 1106249440 
10000 -868.689654 1079941120 
10000 -868.689654 1068075440 
10000 -868.689654 1078893860 
10000 -868.669269 1080279500 
10000 -868.669269 1070547820 
10000 -866.953980 1091629060 
10000 -868.689654 1079883320 
10000 -868.689654 1081427540 
10000 -866.527069 1087088720 
10000 -868.689654 1075468760 
10000 -868.669269 1078985380 
10000 -868.689654 1074802960 
10000 -868.689654 1088424380 
10000 -867.144823 1068886020 
10000   
10000 -866.367230 1158459020 
10000 -867.337009 1076992060 
10000 -868.689654 1079831680 
10000 -864.457382 1104030580 
10000 -868.689654 1079123300 
10000 -867.451004 1082797880 
10000 -868.669269 1075556680 
10000   
10000 -868.689654 1081242800 
10000 -868.669269 1073020700 
10000 -868.689654 1076472780 
10000 -864.449862 1103550520 
10000 -864.496326 1109501460 
10000 -868.689654 1069896080 
10000 -864.335763 1113483280 
10000 -865.217004 1127285820 
10000 -867.824994 1090749140 
10000 -868.689654 1081971460 
10000 -868.689654 1079691400 
10000 -864.831818 1165249620 
10000 -864.406038 1105173420 
10000 -868.669269 1081467000 
10000 -868.669269 1079191020 
10000 -867.824994 1105249020 
10000 -868.689654 1070569960 
10000 -865.563124 1156270160 
10000 -865.722900 1106372240 
10000   
10000   
10000 -867.341916 1090416960 
10000 -868.689654 1073413840 
10000 -868.689654 1075788340 
10000 -868.689654 1082436640 
10000 -865.551539 1146345600 
10000 -864.245475 1095082220 
10000 -866.796731 1089057600 
10000 -868.689654 1071885900 
10000 -868.669269 1082764800 
10000 -868.669269 1079963760 
10000 -868.689654 1078739800 
10000 -868.689654 1091482240 
10000 -867.824994 1099837520 
10000 -867.451004 1086529920 
10000 -868.689654 1070402380 
10000 -868.689654 1083439180 
10000 -863.837380 1105658820 
10000 -865.481720 1156748040 
10000 -868.689654 1078012420 
10000 -868.669269 1072036860 
10000 -864.406038 1099165760 
10000 -865.554907 1116995060 
10000 -867.108116 1078751240 
10000 -867.451004 1101999280 
10000 -867.451004 1077663280 
10000 -868.689654 1071852220 
10000 -868.689654 1087440680 
10000 -867.824994 1097137400 
10000 -868.689654 1077837440 
10000 -864.496326 1111952680 
10000 -868.689654 1067104140 
10000 -867.824994 1102761200 
10000 -866.367230 1164892480 
10000 -868.669269 1068869800 
10000 -868.689654 1075753520 
10000 -868.689654 1073563160 
10000 -868.689654 1084238420 
10000 -865.862009 1180403940 
10000 -864.457382 1109549520 
10000 -866.953980 1098348940 
10000 -868.689654 1090179160 
10000 -864.367094 1106733720 
10000 -866.595238 1075562420 
10000 -868.689654 1081890120 
10000 -865.252126 1161314420 
10000 -868.669269 1068015340 
10000 -867.357393 1087630640 
10000 -863.575126 1100333380 
10000 -868.689654 1075932560 
10000 -866.757495 1106717200 
10000 -868.689654 1073156500 
10000 -868.689654 1081367220 
10000 -866.199329 1145857640 
10000 -867.451004 1082442260 
1000 -868.689654 971931580 
1000 -865.265634 1010664180 
1000 -865.746241 1032582020 
1000 -864.381728 1009655420 
1000 -864.362303 1002017100 
1000 -867.824994 988383200 
1000 -864.837298 1041122020 
1000 -866.367230 1047252780 
1000 -867.451004 996703140 
1000 -863.170436 1002735200 
1000 -865.225586 1049800640 
1000 -867.357393 980236140 
1000 -864.310958 1002513260 
1000 -865.675758 1027546560 
1000 -868.669269 962707560 
1000 -868.689654 972993940 
1000 -868.689654 977914520 
1000 -868.689654 976406400 
1000 -864.430842 1001282020 
1000 -868.689654 971728160 
1000 -868.689654 971898920 
1000 -866.776346 897706480 
1000 -867.451004 987403180 
1000 -868.689654 976107900 
1000 -868.689654 968353120 
1000 -866.037363 999267620 
1000 -864.381728 1002642020 
1000 -868.689654 969259880 
1000 -863.351445 971194400 
1000 -867.144823 970233420 
1000 -864.449862 988704360 
1000 -862.934285 994794840 
1000 -864.457382 993562020 
1000 -868.669269 969095280 
1000 -867.897766 969301480 
1000 -868.689654 972016660 
1000 -866.331745 1040702520 
1000 -867.824994 988914380 
1000 -867.897766 982896140 
1000 -866.367230 1048113460 
1000   
1000 -864.223594 1016317040 
1000 -866.372351 1044690060 
1000 -868.689654 974896920 
1000 -864.340554 1000172100 
1000 -868.689654 969142020 
1000 -868.689654 964843700 
1000 -868.689654 972097160 
1000 -866.331745 1040867680 
1000 -864.457382 999363380 
1000 -868.689654 970611760 
1000 -868.689654 975183660 
1000 -866.796731 985322260 
1000 -867.357393 984454860 
1000 -865.252126 1024507040 
1000 -868.669269 967350100 
1000 -865.943195 1038803440 
1000 -867.451004 991414940 
1000 -868.689654 970653760 
1000 -868.669269 968623020 
1000 -867.337009 976242720 
1000   
1000 -864.496326 999978860 
1000   
1000 -868.669269 964611860 
1000 -868.689654 974891320 
1000 -865.252126 1049655260 
1000 -868.669269 965967820 
1000 -863.866976 989127060 
1000 -868.669269 955835060 
1000 -868.689654 972310920 
1000 -867.824994 992723740 
1000 -868.669269 971010160 
1000 -868.689654 965710120 
1000 -868.689654 969867360 
1000 -864.912067 1009145880 
1000 -868.689654 973379100 
1000 -868.689654 974598760 
1000 -866.757495 996090160 
1000 -865.028633 1048637520 
1000 -863.710865 996453640 
1000   
1000 -862.865374 997348980 
1000 -868.689654 973302020 
1000 -868.669269 961913060 
1000 -864.457382 1000123160 
1000 -868.689654 973746540 
1000 -868.669269 975290740 
1000 -866.953980 992662020 
1000 -868.689654 969934520 
1000 -864.457382 999312020 
1000 -868.689654 977566800 
1000 -867.897766 972491720 
1000 -864.927940 1049602040 
1000 -864.362303 1004731460 
1000 -864.381728 999786980 
1000 -862.946384 981834440 
1000 -864.406038 986942020 
1000   
100 -865.656839 686760460 
100   
100 -867.897766 662949200 
100 -867.274001 658707700 
100 -868.689654 654865480 
100 -866.796731 655623120 
100   
100 -865.570591 674565500 
100 -868.689654 654124060 
100 -868.689654 652883040 
100   
100 -865.860360 662700020 
100   
100   
100 -868.689654 655433800 
100   
100 -868.689654 657042920 
100   
100   
100 -868.689654 654854020 
100   
100   
100 -867.451004 662678020 
100 -865.981909 695069940 
100 -863.983803 661716400 
100 -864.406038 648992220 
100 -863.441733 651904520 
100 -865.563124 687626520 
100   
100 -863.575126 647778020 
100   
100 -867.824994 673561500 
100 -867.824994 668112380 
100 -865.644310 675158080 
100   
100 -865.981909 696626460 
100 -866.372351 685812060 
100 -868.689654 659249520 
100 -865.927570 674904020 
100 -867.824994 672150020 
100 -868.689654 651332020 
100 -865.860360 661749880 
100 -868.689654 654661980 
100 -865.969735 688513740 
100   
100   
100 -866.796731 648848720 
100   
100 -867.335086 674178200 
100 -868.669269 651472140 
100 -864.496326 661768440 
100 -867.451004 671183040 
100 -868.689654 653582020 
100 -868.689654 653241700 
100 -867.337009 664336060 
100 -867.897766 662638020 
100 -866.737976 663703660 
100 -865.644310 673643300 
100 -867.451004 666210320 
100   
100 -865.969735 695882020 
100 -868.689654 660144580 
100   
100 -868.669269 656124580 
100 -862.930565 659184020 
100 -865.876963 677520020 
100 -868.689654 656988020 
100 -864.381728 675754020 
100   
100 -867.451004 668328480 
100 -866.336867 693422020 
100 -864.993791 666827560 
100 -868.689654 658002860 
100 -862.591016 663969680 
100 -868.689654 653704680 
100 -865.481720 678798180 
100 -866.372351 697617620 
100 -862.468044 663026020 
100   
100 -866.367230 689242680 
100 -866.199329 687478600 
100 -868.669269 651096020 
100 -868.689654 649904020 
100 -867.824994 669588020 
100 -864.406038 657791980 
100 -867.824994 671492020 
100 -863.123382 645157880 
100 -868.689654 654900660 
100 -865.367566 658492020 
100 -866.647122 657772020 
100 -866.824131 659118020 
100 -864.367094 652792020 
100 -867.357393 664743860 
100 -865.225586 685542020 
100 -864.381728 665884020 
100 -863.542608 658492020 
100 -863.044504 643426020 
100 -865.250160 669850020 
100 -867.337009 658389060 
10 -865.217004 224296020 
10 -865.927570 230093420 
10 -864.335763 228062420 
10 -867.400694 231731820 
10 -864.061822 234338420 
10 -866.331745 229816020 
10   
10 -865.746241 228506420 
10 -864.189475 228466820 
10 -865.481720 223917620 
10 -864.401247 233490620 
10 -863.575126 239661420 
10 -867.451004 244987620 
10 -866.179629 246288820 
10 -862.516195 238993220 
10 -868.669269 234448820 
10 -867.042251 242407940 
10 -865.805629 224157160 
10   
10 -865.225586 227352420 
10 -863.989736 235471220 
10 -867.451004 243259420 
10 -867.824994 236404820 
10 -868.669269 233180040 
10 -864.502860 239109220 
10 -867.124439 234197580 
10 -865.444625 220512820 
10 -863.983803 230367620 
10 -867.144823 236137220 
10 -866.176860 235713780 
10 -868.689654 237575420 
10 -864.381728 236409420 
10 -868.669269 238127560 
10 -867.451004 244240380 
10 -865.644310 231666420 
10 -864.449862 232624020 
10 -864.171311 226252220 
10 -867.144823 236064420 
10 -862.804820 232154020 
10   
10 -865.963055 224506220 
10   
10 -864.496326 232658320 
10 -868.689654 236810820 
10 -863.927668 228797020 
10 -864.381728 237723420 
10 -862.195295 230635620 
10 -867.357393 233736020 
10 -864.335763 232947420 
10 -864.410918 231568820 
10 -866.336867 229628620 
10 -864.496326 227998620 
10 -866.953980 238127020 
10 -867.108116 234539020 
10 -863.346580 228989020 
10 -862.757510 232230420 
10 -865.217004 225875360 
10   
10 -864.449862 234321620 
10 -868.689654 238550620 
10 -868.689654 236757220 
10 -864.567101 229716020 
10 -863.983803 235458220 
10 -864.831818 229003420 
10 -865.954862 222590100 
10 -866.114094 225683020 
10 -864.496326 232089420 
10 -864.339870 241232620 
10 -866.037363 244022620 
10 -865.644310 236463220 
10 -866.687814 234489620 
10 -867.824994 232039620 
10 -865.265634 223971220 
10 -868.689654 234474020 
10 -868.669269 236366420 
10 -866.844516 231719220 
10 -864.912067 230603420 
10   
10 -863.165178 234129140 
10 -861.966776 229750620 
10 -864.707165 234032220 
10 -863.856051 227150020 
10 -864.600761 237170420 
10 -863.886528 225896220 
10 -868.689654 235657420 
10 -863.886528 217814620 
10 -866.845211 237091820 
10   
10 -867.341916 234690220 
10 -864.340554 232913820 
10 -868.689654 236948420 
10 -862.746939 286902720 
10 -865.563124 223523620 
10 -863.575126 234417980 
10 -864.187396 229292760 
10 -864.516873 246282620 
10 -866.199329 230299820 
10 -864.381728 235743420 
10 -864.223594 234556020 
10 -867.451004 243051620 
5000 -863.062410 1083343680 
5000   
5000 -867.357393 1060959940 
5000 -868.689654 1054957120 
5000 -863.888724 1083777640 
5000 -868.689654 1052505000 
5000 -863.983803 1078708400 
5000 -864.381728 1106316380 
5000 -868.689654 1061186180 
5000 -866.865248 1076712640 
5000 -868.689654 1051263760 
5000 -868.689654 1046193980 
5000 -868.689654 1057480900 
5000 -866.336867 1124481580 
5000 -868.689654 1065622440 
5000 -868.689654 1059406020 
5000 -868.689654 1058765320 
5000 -868.689654 1056591580 
5000 -868.689654 1053109740 
5000 -868.689654 1046622480 
5000 -864.496326 1076827160 
5000 -868.689654 1056401100 
5000 -865.554907 1103883160 
5000 -865.481720 1137442180 
5000 -868.689654 1052377260 
5000 -868.689654 1060347720 
5000   
5000 -868.689654 1046628600 
5000 -868.689654 1048154560 
5000 -868.669269 1050648460 
5000 -867.824994 1071987060 
5000 -866.367230 1132689960 
5000 -864.340554 1066255000 
5000 -865.954862 1112651420 
5000 -867.824994 1075177100 
5000 -864.362303 1089740520 
5000 -868.689654 1052022020 
5000 -868.689654 1053078440 
5000 -868.689654 1054288820 
5000 -868.669269 1052365300 
5000 -868.689654 1054936680 
5000 -868.689654 1050474400 
5000 -867.897766 1063616940 
5000 -867.451004 1082497860 
5000 -868.669269 1057659740 
5000 -868.689654 1056998500 
5000 -868.669269 1053726140 
5000 -863.989736 1067619200 
5000 -867.824994 1067381060 
5000 -866.667506 1045213420 
5000 -867.451004 1079272660 
5000 -868.689654 1059937380 
5000   
5000 -864.449862 1086498260 
5000   
5000 -866.479148 1073104500 
5000 -868.689654 1051229560 
5000   
5000 -864.449862 1071555960 
5000 -868.689654 1063610060 
5000 -868.689654 1056861680 
5000 -868.669269 1055443520 
5000 -865.318935 1139604240 
5000 -863.323454 1101960060 
5000 -864.022747 1066796860 
5000 -863.001588 1083325360 
5000 -868.689654 1058351900 
5000 -867.602220 1073731840 
5000   
5000 -867.451004 1072791000 
5000 -868.689654 1059496880 
5000 -868.669269 1055245940 
5000 -866.199329 1118756860 
5000 -868.669269 1046904680 
5000 -864.430842 1076100520 
5000 -867.824994 1067334300 
5000 -868.689654 1045953640 
5000 -868.669269 1046355160 
5000 -868.669269 1050138500 
5000 -864.496326 1082775880 
5000 -868.689654 1065822200 
5000 -866.953980 1064405260 
5000 -868.689654 1055421820 
5000 -868.689654 1046070460 
5000 -867.451004 1065926820 
5000 -867.451004 1075986240 
5000 -867.337009 1057106060 
5000 -868.689654 1046014480 
5000 -865.722900 1095825000 
5000   
5000 -868.669269 1053812080 
5000 -867.357393 1062178520 
5000 -868.669269 1056644380 
5000 -867.824994 1073171960 
5000 -868.689654 1052930580 
5000   
5000 -868.689654 1049254460 
5000   
5000   
500 -866.367230 973842020 
500   
500 -864.340554 930034260 
500 -866.796731 935157220 
500 -868.669269 911401440 
500 -864.335763 935262020 
500 -865.318935 974475480 
500   
500 -868.669269 907296920 
500   
500 -864.367094 928707700 
500   
500   
500   
500 -864.223390 929767140 
500   
500   
500 -866.037363 940262020 
500 -868.689654 915407200 
500 -865.665056 1004002020 
500 -867.357393 926029480 
500 -864.939230 981974400 
500   
500 -866.106558 961892940 
500 -864.223594 947436980 
500 -866.776346 925716460 
500 -864.567101 969373760 
500 -866.824131 909242020 
500 -867.451004 933427880 
500 -867.824994 928823520 
500 -864.381728 940712020 
500 -868.689654 913942020 
500 -865.554907 968575240 
500 -867.897766 918343340 
500 -868.669269 908292020 
500 -868.689654 911683520 
500 -868.669269 911974900 
500 -866.149578 971282020 
500 -868.689654 906942140 
500 -863.893515 945852080 
500 -868.689654 905816980 
500 -867.451004 935451000 
500 -867.451004 937319620 
500 -868.689654 917781660 
500 -867.357393 926105180 
500 -867.407858 926715040 
500 -862.717843 925355100 
500 -868.689654 917795540 
500 -868.669269 905628640 
500 -865.943195 971391360 
500 -868.669269 913212840 
500 -868.689654 914672020 
500 -868.689654 908953180 
500 -867.451004 931048280 
500 -867.602220 933898200 
500 -867.335086 935416160 
500 -868.669269 911019660 
500 -868.689654 913779340 
500 -867.451004 933978060 
500 -867.824994 930926220 
500 -867.337009 918767040 
500 -868.689654 906824480 
500 -867.357393 917031360 
500 -868.669269 909425420 
500 -868.689654 918523980 
500 -868.689654 920312020 
500 -868.689654 905865120 
500 -867.357393 926036800 
500 -867.824994 932762140 
500 -867.274001 934743120 
500 -864.223594 950895000 
500   
500 -867.341916 921185340 
500 -868.669269 906913580 
500   
500 -868.689654 916716720 
500 -868.689654 915763420 
500 -864.449862 933099360 
500 -866.106558 971805000 
500 -868.689654 909264480 
500 -864.831471 935977000 
500 -864.340554 931738660 
500 -868.689654 915126220 
500 -868.689654 915004100 
500 -867.124439 911407800 
500 -864.384379 934424540 
500 -867.602220 924205700 
500 -868.669269 909921320 
500 -868.689654 915362200 
500 -868.669269 911486200 
500 -868.669269 909460040 
500 -868.689654 910615980 
500 -868.689654 912953420 
500 -868.689654 912927980 
500 -868.689654 909336080 
500 -867.824994 927929960 
50 -862.175958 497899020 
50 -865.088358 502906120 
50 -862.178586 505680820 
50 -863.484273 500571020 
50 -865.969735 502613020 
50 -865.217004 497882020 
50 -866.458764 504008080 
50 -862.503476 489426200 
50 -866.647122 499258020 
50 -864.406038 490192020 
50 -865.644310 507994320 
50 -868.669269 498265020 
50   
50 -864.465362 500168440 
50   
50   
50   
50   
50   
50   
50   
50   
50 -868.689654 499909020 
50 -868.689654 503798740 
50 -866.845211 508144020 
50 -868.689654 507491020 
50 -867.357393 505989080 
50 -863.326187 547913380 
50 -866.190949 501628020 
50 -866.372351 497183020 
50 -866.824131 505581840 
50 -864.650703 501104020 
50   
50 -868.689654 500482140 
50 -867.337009 509267020 
50 -867.824994 504175020 
50 -863.449956 505143020 
50 -868.669269 499769400 
50   
50 -865.367566 492359020 
50 -864.381728 504050040 
50 -868.689654 502905020 
50 -864.362303 498899020 
50 -864.994801 501752380 
50 -865.860360 503533020 
50 -866.427062 502699840 
50 -866.757495 506112120 
50 -868.689654 500207020 
50 -868.689654 504190280 
50   
50   
50   
50   
50   
50 -866.372351 497938020 
50 -863.029145 486429280 
50 -868.689654 501781020 
50 -864.384379 501554480 
50 -864.430842 493832020 
50 -868.689654 499075240 
50 -868.689654 493952720 
50 -863.987735 499145020 
50 -867.357393 504512020 
50 -864.381728 497254960 
50 -864.449862 497737020 
50 -864.410918 495190020 
50 -868.669269 502504460 
50 -868.669269 500337020 
50 -864.384379 496919540 
50 -868.689654 501711020 
50 -864.449862 493915520 
50 -865.217004 491409680 
50 -867.824994 505467020 
50 -868.689654 501754020 
50 -865.987030 504629020 
50 -868.689654 501211820 
50 -862.803935 484615020 
50 -866.336867 506901560 
50 -864.223594 504251420 
50 -862.782679 513330020 
50 -868.669269 503100020 
50 -867.274001 501181280 
50 -866.447446 504349160 
50 -865.644310 518199940 
50 -861.822473 529415400 
50 -863.932459 495205020 
50 -864.449862 499114520 
50 -865.318605 506439940 
50 -864.310958 496705020 
50 -867.274001 502272020 
50 -865.570591 508655940 
50 -865.262475 490088020 
50 -866.336867 509947020 
50 -868.689654 498263320 
50 -868.689654 501632780 
50 -868.689654 492989020 
50 -865.927570 511839020 
50 -864.430842 492676420 
50 -867.274001 507835020 
50 -867.357393 501678020 
