m_0 m_1 E I
1000 1000 30210.377392 90105000 
1000 1000 31495.136903 95105000 
1000 1000 30992.852794 95105000 
1000 1000 30616.176132 90105000 
1000 1000 30718.818490 95105000 
1000 1000 30831.756908 90105000 
1000 1000 30544.786067 95105000 
1000 1000 30650.753296 95105000 
1000 1000 30559.027225 90105000 
1000 1000 30994.869804 95105000 
1000 1000 31222.904639 90105000 
1000 1000 30868.124997 90105000 
1000 1000 30422.505342 95105000 
1000 1000 31327.498960 95105000 
1000 1000 31231.178752 95105000 
1000 1000 30141.993140 95105000 
1000 1000 31585.124482 95105000 
1000 1000 30283.737472 90105000 
1000 1000 30880.432935 95105000 
1000 1000 30454.322427 90105000 
1000 1000 30890.573847 90105000 
1000 1000 30638.629870 95105000 
1000 1000 30570.924662 95105000 
1000 1000 30715.145087 95105000 
1000 1000 30689.926380 90105000 
1000 1000 30333.241977 95105000 
1000 1000 30587.020272 95105000 
1000 1000 30221.432215 95105000 
1000 1000 30808.426965 95105000 
1000 1000 30076.356953 95105000 
1000 1000 30748.195327 95105000 
1000 1000 29885.961259 90105000 
1000 1000 31017.886103 95105000 
1000 1000 30649.639812 95105000 
1000 1000 31232.596170 90105000 
1000 1000 30591.491066 95105000 
1000 1000 30496.209574 95105000 
1000 1000 30466.914940 90105000 
1000 1000 30775.834722 95105000 
1000 1000 30627.673793 95105000 
100 1000 31317.964050 49605000 
100 1000 31396.812008 48605000 
100 1000 30934.928033 48105000 
100 1000 30641.193769 48105000 
100 1000 31446.677752 48105000 
100 1000 31299.923374 48105000 
100 1000 30552.837108 48105000 
100 1000 31183.665636 49105000 
100 1000 30966.843630 49605000 
100 1000 30886.703776 49105000 
100 1000 30429.278239 48105000 
100 1000 30727.354797 48605000 
100 1000 30057.875272 47605000 
100 1000 31448.662982 49605000 
100 1000 30821.085843 49105000 
100 1000 31749.022204 48105000 
100 1000 30607.659520 49605000 
100 1000 31305.268833 48605000 
100 1000 30597.717506 49605000 
100 1000 30921.693077 47605000 
100 1000 30209.502133 49105000 
100 1000 30331.555927 48105000 
100 1000 31294.425949 49605000 
100 1000 31412.410905 48105000 
100 1000 31290.911118 48605000 
100 1000 30959.252297 48605000 
100 1000 31125.147688 47605000 
100 1000 31104.994280 49105000 
100 1000 30826.971027 50605000 
100 1000 30951.328080 51105000 
100 1000 31287.387138 49105000 
100 1000 31054.316893 48605000 
100 1000 30508.366488 48605000 
100 1000 31083.317196 50105000 
100 1000 31066.223226 48105000 
100 1000 31193.555536 48605000 
100 1000 30386.684337 48605000 
100 1000 30670.071241 48105000 
100 1000 30295.421583 48605000 
100 1000 30024.558338 49605000 
10 1000 32953.248349 28455000 
10 1000 30554.254513 28755000 
10 1000 31765.647527 29355000 
10 1000 31869.911947 30855000 
10 1000 31536.470977 29255000 
10 1000 32351.634977 29255000 
10 1000 31860.906646 29755000 
10 1000 31781.531412 29755000 
10 1000 32369.877029 29655000 
10 1000 32023.301257 29505000 
10 1000 31284.426801 29255000 
10 1000 31512.951888 29105000 
10 1000 31135.853445 29005000 
10 1000 31521.189551 30655000 
10 1000 31645.172609 28705000 
10 1000 31518.567940 29805000 
10 1000 32194.731409 28505000 
10 1000 31411.576241 30105000 
10 1000 32077.922180 28805000 
10 1000 31959.309290 27955000 
10 1000 31021.230063 29255000 
10 1000 31144.956476 28855000 
10 1000 31834.052409 27405000 
10 1000 31922.054589 30155000 
10 1000 31475.233296 29505000 
10 1000 31783.938729 29855000 
10 1000 31622.750851 29455000 
10 1000 30504.222288 28455000 
10 1000 31782.020895 28305000 
10 1000 30747.177966 28655000 
10 1000 31035.817708 29555000 
10 1000 30588.349450 28755000 
10 1000 31215.349787 29355000 
10 1000 31194.596062 29855000 
10 1000 31617.107699 27555000 
10 1000 31898.577820 28955000 
10 1000 32244.877971 29605000 
10 1000 32557.796160 30605000 
10 1000 31168.561704 28305000 
10 1000 31435.849825 28805000 
50 1000 31635.968221 39105000 
50 1000 31666.569216 39605000 
50 1000 30957.044050 41605000 
50 1000 30646.584165 39605000 
50 1000 30721.402088 40355000 
50 1000 31703.340620 38855000 
50 1000 30885.167423 39855000 
50 1000 31210.522178 41605000 
50 1000 31040.269729 39855000 
50 1000 31010.689561 38605000 
50 1000 31368.631056 40855000 
50 1000 31418.246394 38855000 
50 1000 31957.816683 39605000 
50 1000 31580.041357 40355000 
50 1000 30700.149674 39605000 
50 1000 31360.718905 39605000 
50 1000 31207.961173 40605000 
50 1000 31241.277939 40605000 
50 1000 31424.283085 40355000 
50 1000 32110.547666 39605000 
50 1000 30963.726414 39105000 
50 1000 30947.946592 39355000 
50 1000 30980.351213 41355000 
50 1000 31558.956720 40605000 
50 1000 30911.014981 40105000 
50 1000 30839.207496 38605000 
50 1000 31126.264862 40855000 
50 1000 30219.300509 39605000 
50 1000 30893.732979 40105000 
50 1000 30801.198169 40105000 
50 1000 30964.522151 38855000 
50 1000 31660.690209 39355000 
50 1000 31300.690573 40105000 
50 1000 31469.361193 41105000 
50 1000 30320.370676 39355000 
50 1000 30849.662622 39355000 
50 1000 31242.379979 40355000 
50 1000 30216.966535 40355000 
50 1000 30953.112742 40105000 
50 1000 31502.421917 40105000 
1000 100 29940.212952 90105000 
1000 100 30523.310918 90605000 
1000 100 31018.713334 89605000 
1000 100 30151.248971 91105000 
1000 100 31331.934408 91105000 
1000 100 30526.795692 92105000 
1000 100 30088.659133 90105000 
1000 100 29778.467715 90605000 
1000 100 30723.105556 89105000 
1000 100 30624.938632 88105000 
1000 100 30798.332864 90105000 
1000 100 30639.648365 91605000 
1000 100 31009.392172 91605000 
1000 100 29924.650250 90605000 
1000 100 30890.942426 90605000 
1000 100 30607.944641 90605000 
1000 100 31145.070856 89605000 
1000 100 30541.818476 92105000 
1000 100 30980.651346 90105000 
1000 100 30273.864818 88605000 
1000 100 30492.465913 90105000 
1000 100 30774.516845 91105000 
1000 100 30522.583445 89605000 
1000 100 30309.229194 91105000 
1000 100 30497.469850 90105000 
1000 100 30495.260790 91105000 
1000 100 30197.775650 89605000 
1000 100 30633.394590 92105000 
1000 100 31410.201532 87105000 
1000 100 30837.461452 91605000 
1000 100 30260.866565 90105000 
1000 100 30423.498555 90105000 
1000 100 30117.909233 91105000 
1000 100 30337.080722 91105000 
1000 100 30823.839042 91605000 
1000 100 31019.107099 90605000 
1000 100 30488.289773 90605000 
1000 100 30330.394848 90105000 
1000 100 31040.713636 90605000 
1000 100 29969.720331 91105000 
100 100 31430.410027 47105000 
100 100 30397.906296 49455000 
100 100 30281.837224 48955000 
100 100 31602.935049 49605000 
100 100 30780.273584 48355000 
100 100 31814.165037 48905000 
100 100 31201.564620 48705000 
100 100 31276.454894 50455000 
100 100 31416.941006 50955000 
100 100 30801.559215 50555000 
100 100 31060.114977 48255000 
100 100 31160.074201 48655000 
100 100 30722.583336 48205000 
100 100 31203.897700 47455000 
100 100 30269.738576 49105000 
100 100 31273.124594 49905000 
100 100 31163.512218 48205000 
100 100 30830.544377 48955000 
100 100 30770.360282 49405000 
100 100 31469.282991 50655000 
100 100 30990.523537 48755000 
100 100 30751.610912 49105000 
100 100 30560.182869 48455000 
100 100 31951.936428 47355000 
100 100 31118.076510 48905000 
100 100 30615.079279 49105000 
100 100 31120.850184 48105000 
100 100 30873.597520 47805000 
100 100 31237.863063 49055000 
100 100 31652.261083 49455000 
100 100 30819.763266 48505000 
100 100 30721.884249 48805000 
100 100 30613.322555 49355000 
100 100 30384.371587 49355000 
100 100 30864.876842 47705000 
100 100 31329.661222 51255000 
100 100 31320.775054 49455000 
100 100 30538.849041 48655000 
100 100 30634.465194 48405000 
100 100 31489.561834 48555000 
10 100 30793.907470 28780000 
10 100 31467.386577 27785000 
10 100 31525.664965 29435000 
10 100 31611.882830 28340000 
10 100 31032.294076 28155000 
10 100 30308.021053 27635000 
10 100 31708.772126 29485000 
10 100 31376.152074 28420000 
10 100 31107.871112 28970000 
10 100 30868.923806 29485000 
10 100 32227.841173 29950000 
10 100 31353.982922 28900000 
10 100 31525.114431 28620000 
10 100 32006.323773 29980000 
10 100 31696.435448 29305000 
10 100 31235.968438 28175000 
10 100 31411.232525 28190000 
10 100 31761.188137 28525000 
10 100 31444.743896 28875000 
10 100 31923.827907 29605000 
10 100 31894.065194 29625000 
10 100 32012.697830 28920000 
10 100 31852.131926 28605000 
10 100 31320.842381 27460000 
10 100 31797.121031 28100000 
10 100 31866.231264 28305000 
10 100 31858.213503 29425000 
10 100 32097.706438 28760000 
10 100 32054.940812 28390000 
10 100 32538.105343 28250000 
10 100 32636.808614 30020000 
10 100 32437.006026 30400000 
10 100 31296.451338 28680000 
10 100 30526.910574 28235000 
10 100 32037.770456 29095000 
10 100 31530.319493 28180000 
10 100 31266.148777 29240000 
10 100 31100.557354 28855000 
10 100 32406.530274 29280000 
10 100 31352.826404 28700000 
50 100 31108.362699 40130000 
50 100 31352.137209 39355000 
50 100 31233.028641 40030000 
50 100 31066.956251 40455000 
50 100 31395.721205 38330000 
50 100 30144.700735 39730000 
50 100 31314.492641 38830000 
50 100 31266.587484 39105000 
50 100 31735.047473 40255000 
50 100 30593.318233 39730000 
50 100 31232.834950 38830000 
50 100 31138.489050 39755000 
50 100 31200.444609 40580000 
50 100 31069.947638 37805000 
50 100 30876.888138 40105000 
50 100 32121.452145 39030000 
50 100 31201.667082 40705000 
50 100 31753.524222 37105000 
50 100 31928.677348 39580000 
50 100 31261.649739 39480000 
50 100 31048.208480 39355000 
50 100 30400.779902 39305000 
50 100 31475.987061 40905000 
50 100 31164.141499 40430000 
50 100 30814.830412 39080000 
50 100 31909.898848 41280000 
50 100 30735.163655 41130000 
50 100 31761.618386 40530000 
50 100 31166.162055 39505000 
50 100 31134.714633 40955000 
50 100 31720.457725 40055000 
50 100 31134.627300 39880000 
50 100 30546.802189 40355000 
50 100 31084.422868 41030000 
50 100 31061.994545 40205000 
50 100 31628.121636 39205000 
50 100 31271.513156 39105000 
50 100 31375.380445 39780000 
50 100 30608.964721 37830000 
50 100 31775.038033 40380000 
1000 10 30844.492491 90255000 
1000 10 31173.992501 91955000 
1000 10 30409.654756 93555000 
1000 10 30991.075634 89655000 
1000 10 29954.573748 90755000 
1000 10 30549.889221 90905000 
1000 10 30738.438834 90305000 
1000 10 30561.207937 90705000 
1000 10 30476.527047 90455000 
1000 10 30918.514604 92955000 
1000 10 31480.927399 92305000 
1000 10 30695.415002 90555000 
1000 10 31024.390203 91605000 
1000 10 30802.166030 90655000 
1000 10 30709.050631 91205000 
1000 10 30797.653514 90155000 
1000 10 30452.123399 90405000 
1000 10 30598.729277 90455000 
1000 10 30784.948469 91355000 
1000 10 30687.668477 88655000 
1000 10 30730.714662 91255000 
1000 10 30591.251635 90605000 
1000 10 30344.203156 90705000 
1000 10 30826.353862 89405000 
1000 10 30704.594611 90305000 
1000 10 30316.163633 92005000 
1000 10 30620.907449 90255000 
1000 10 30672.477057 91755000 
1000 10 30848.839704 91155000 
1000 10 30150.988351 91905000 
1000 10 30535.339406 91255000 
1000 10 30787.185358 90955000 
1000 10 30644.838238 91205000 
1000 10 29971.649059 92355000 
1000 10 30243.471823 92205000 
1000 10 30246.121626 90605000 
1000 10 31001.875237 90255000 
1000 10 30862.849562 91555000 
1000 10 30536.670234 91605000 
1000 10 31145.302635 91605000 
100 10 31187.087781 50065000 
100 10 31920.875349 48980000 
100 10 30538.184844 50810000 
100 10 31458.887762 50190000 
100 10 30986.182255 50855000 
100 10 31110.325751 50665000 
100 10 30341.471041 49465000 
100 10 31625.943634 49705000 
100 10 31520.978561 49885000 
100 10 31264.649493 50345000 
100 10 31782.062249 51740000 
100 10 31504.992730 50330000 
100 10 30961.856796 50640000 
100 10 30738.109234 48545000 
100 10 31434.111942 50360000 
100 10 31152.790471 48470000 
100 10 31566.067791 49010000 
100 10 31204.190792 49410000 
100 10 32050.800270 48495000 
100 10 31065.185606 50455000 
100 10 30803.606429 48870000 
100 10 31395.787202 50085000 
100 10 31398.676607 49390000 
100 10 31486.952993 51410000 
100 10 31840.186839 50260000 
100 10 31497.082754 51085000 
100 10 31609.962574 49160000 
100 10 30465.080351 51145000 
100 10 31201.745586 50170000 
100 10 30041.308582 50105000 
100 10 31952.342578 51015000 
100 10 31527.897391 51715000 
100 10 30526.043839 51185000 
100 10 31254.017916 50880000 
100 10 31304.712238 49975000 
100 10 32033.444693 49515000 
100 10 31138.592481 50375000 
100 10 31499.745082 50665000 
100 10 31344.974369 49610000 
100 10 30936.459864 51140000 
10 10 31785.307371 29706500 
10 10 31964.286224 29043000 
10 10 33258.023648 30395000 
10 10 32707.403885 28680000 
10 10 32177.241337 30476500 
10 10 31475.553147 28698000 
10 10 31929.303779 28917000 
10 10 32855.826783 28651000 
10 10 32092.611073 28415500 
10 10 31465.613037 28833500 
10 10 32407.236944 29283500 
10 10 31662.206998 27520000 
10 10 32220.408370 30425500 
10 10 32096.694338 29633500 
10 10 32384.215675 29882000 
10 10 32178.397890 28818000 
10 10 32025.675382 29596000 
10 10 32789.577802 29719500 
10 10 31476.706885 28802000 
10 10 32250.807331 28044000 
10 10 32502.796444 28270000 
10 10 32741.689614 28581500 
10 10 32325.474287 28850500 
10 10 31725.413147 27875500 
10 10 31484.746502 29111500 
10 10 31801.522521 29701500 
10 10 31639.976976 29817000 
10 10 31808.251989 29077500 
10 10 32376.120593 28247000 
10 10 32682.129328 30360000 
10 10 33382.250844 27027000 
10 10 31534.716303 29996500 
10 10 32386.965454 29567500 
10 10 31788.168947 29592500 
10 10 32210.830302 29026500 
10 10 32282.183259 29640500 
10 10 31771.763026 29867000 
10 10 31587.117044 28191000 
10 10 32940.831345 28115000 
10 10 31533.028318 29237500 
50 10 30831.234011 41350000 
50 10 31594.953470 41797500 
50 10 31960.836268 41937500 
50 10 32507.334152 40402500 
50 10 31240.189997 41145000 
50 10 32085.390351 41117500 
50 10 30999.954175 40287500 
50 10 31513.612306 40285000 
50 10 31533.090676 41427500 
50 10 31377.562244 39290000 
50 10 31027.734785 40377500 
50 10 31822.203617 40760000 
50 10 32199.335582 42172500 
50 10 30255.579434 39460000 
50 10 31728.696961 40150000 
50 10 30623.480195 40050000 
50 10 30936.398119 40500000 
50 10 31299.115736 40022500 
50 10 30898.386865 41025000 
50 10 30925.372768 40525000 
50 10 31744.100138 41647500 
50 10 31521.196288 40625000 
50 10 31362.538593 40622500 
50 10 31991.107158 41835000 
50 10 30920.970049 41637500 
50 10 31372.156550 40517500 
50 10 30732.459374 42690000 
50 10 31965.370374 38915000 
50 10 31463.818455 42945000 
50 10 30899.470891 41222500 
50 10 31652.351294 41252500 
50 10 31183.399277 40105000 
50 10 31702.253793 40430000 
50 10 31587.854003 41492500 
50 10 31324.679106 40935000 
50 10 31200.224584 38897500 
50 10 30263.828202 40500000 
50 10 30841.369308 42395000 
50 10 31504.237173 41545000 
50 10 31115.512863 41882500 
1000 50 29981.470576 88855000 
1000 50 30545.196877 90605000 
1000 50 30387.710126 89855000 
1000 50 30003.931614 90105000 
1000 50 30793.106277 90855000 
1000 50 30750.547344 88605000 
1000 50 31444.685340 89855000 
1000 50 30666.843386 90355000 
1000 50 29779.659709 91105000 
1000 50 30690.327127 91605000 
1000 50 30673.898195 91355000 
1000 50 30772.635938 91105000 
1000 50 30324.906452 89855000 
1000 50 30431.656230 90605000 
1000 50 30235.452910 91355000 
1000 50 30724.484950 90605000 
1000 50 30803.644916 90855000 
1000 50 30853.854105 88355000 
1000 50 30507.837650 89855000 
1000 50 30252.605376 90855000 
1000 50 29665.250987 90855000 
1000 50 30517.798501 90355000 
1000 50 29715.676046 89605000 
1000 50 30168.529266 90105000 
1000 50 30619.384409 92855000 
1000 50 30965.720446 89105000 
1000 50 30829.406545 90105000 
1000 50 30301.494482 90855000 
1000 50 30161.201193 90605000 
1000 50 30665.460402 91855000 
1000 50 30601.386597 90855000 
1000 50 30562.709341 90855000 
1000 50 31236.509567 88855000 
1000 50 30251.489430 89605000 
1000 50 30104.166368 90105000 
1000 50 30689.770201 89855000 
1000 50 29940.731619 91855000 
1000 50 30829.482663 89105000 
1000 50 31030.534954 91605000 
1000 50 30029.591178 91855000 
100 50 31488.521883 48755000 
100 50 30812.768652 49155000 
100 50 30327.063992 46805000 
100 50 31575.050807 49030000 
100 50 32224.349963 48055000 
100 50 31115.346855 50230000 
100 50 30415.610848 46130000 
100 50 30903.906128 47405000 
100 50 31104.468035 48755000 
100 50 31097.438296 50380000 
100 50 31706.254007 47580000 
100 50 31489.066269 49655000 
100 50 31387.200386 47705000 
100 50 31808.095619 47680000 
100 50 31073.754359 48855000 
100 50 30821.079858 49805000 
100 50 30795.355270 49305000 
100 50 30804.854372 47805000 
100 50 31426.648176 48505000 
100 50 31129.805244 46680000 
100 50 31219.690041 47105000 
100 50 31760.229318 47480000 
100 50 31645.947921 49005000 
100 50 32091.883624 46905000 
100 50 31213.448864 48955000 
100 50 31064.816592 47630000 
100 50 31738.204004 49505000 
100 50 31133.842920 48655000 
100 50 31688.580935 49405000 
100 50 30899.691832 49855000 
100 50 31349.028146 48530000 
100 50 30585.061228 49630000 
100 50 31223.123625 47905000 
100 50 30223.906262 48505000 
100 50 31180.756546 47180000 
100 50 30286.195677 47430000 
100 50 31750.919347 48905000 
100 50 31880.043348 48680000 
100 50 31266.957674 50780000 
100 50 31390.149035 48005000 
10 50 31483.430465 29172500 
10 50 32144.015575 27887500 
10 50 31658.047627 29740000 
10 50 31195.267987 28232500 
10 50 30862.077691 28090000 
10 50 31475.049899 30050000 
10 50 31538.037835 27872500 
10 50 33778.308550 29142500 
10 50 31707.930341 29925000 
10 50 31587.162526 30015000 
10 50 31710.116293 30565000 
10 50 31394.873383 30132500 
10 50 31691.866203 29357500 
10 50 31820.848836 29100000 
10 50 31932.378973 27700000 
10 50 32110.848610 28422500 
10 50 31365.874970 29155000 
10 50 31434.708260 30252500 
10 50 32103.342369 28430000 
10 50 31120.221411 28282500 
10 50 31950.204462 29442500 
10 50 32908.879680 28992500 
10 50 31997.475745 29770000 
10 50 32473.288571 28520000 
10 50 31819.161571 28585000 
10 50 32451.247517 28677500 
10 50 32694.924782 28687500 
10 50 31704.568747 28047500 
10 50 30975.990592 28917500 
10 50 31910.753771 29515000 
10 50 31836.774033 28305000 
10 50 32034.746323 29927500 
10 50 32755.976715 28115000 
10 50 32252.768433 29320000 
10 50 31848.204909 28795000 
10 50 32335.381701 28727500 
10 50 32290.832794 27700000 
10 50 31799.753005 28657500 
10 50 31198.802268 28095000 
10 50 31786.808041 28632500 
50 50 30805.890655 40242500 
50 50 31419.239702 39192500 
50 50 30767.832024 39705000 
50 50 31155.617794 38967500 
50 50 31196.878544 39592500 
50 50 32480.101369 40830000 
50 50 31068.228304 40605000 
50 50 31196.123673 40492500 
50 50 31856.373167 39380000 
50 50 32084.025169 40142500 
50 50 31602.032432 40780000 
50 50 31600.091446 39630000 
50 50 30138.726224 39605000 
50 50 32075.989775 40630000 
50 50 30824.590668 39305000 
50 50 30896.884223 38830000 
50 50 31904.519471 39155000 
50 50 31085.432957 39642500 
50 50 31707.871972 38405000 
50 50 31951.324256 39567500 
50 50 31870.737826 38917500 
50 50 30463.911678 38592500 
50 50 31846.517511 39280000 
50 50 31487.566060 37380000 
50 50 30468.332130 40642500 
50 50 30630.196571 41667500 
50 50 30548.069830 39130000 
50 50 31130.914539 39880000 
50 50 31395.909240 41517500 
50 50 31481.438923 40130000 
50 50 31435.153989 39755000 
50 50 30720.351794 38755000 
50 50 31423.787148 41017500 
50 50 31206.857770 39705000 
50 50 31591.212249 39842500 
50 50 30549.655340 40942500 
50 50 30925.666942 39730000 
50 50 31492.527894 39255000 
50 50 32480.625334 40767500 
50 50 31460.706401 41530000 
