Interval E I
100 31756.994957 373490000 
100 31226.354134 369400000 
100 30253.971503 372940000 
100 31068.727008 373548000 
100 31021.558184 371188000 
100 31603.173357 371816000 
100 30706.018712 373495000 
100 32165.581892 369521000 
100 31031.679312 368585000 
100 31181.751478 368286000 
100 30827.034766 372141000 
100 31160.148230 376592000 
100 31117.981205 375699000 
100 31270.080470 375857000 
100 30870.170555 373627000 
100 31295.631079 376904000 
100 30574.851021 373115000 
100 31077.777989 369457000 
100 31247.004906 378345000 
100 32260.855999 369213000 
100 30472.595384 366724000 
100 31107.117344 371478000 
100 31511.604452 376943000 
100 30739.349556 368918000 
100 30374.047639 374377000 
100 31286.356226 373792000 
100 30645.560932 367937000 
100 30826.217443 369063000 
100 30467.445109 374748000 
100 30780.735731 374582000 
100 31309.990473 378468000 
100 30217.911418 371803000 
100 30785.519644 367593000 
100 31375.104466 371563000 
100 31665.982231 369297000 
100 31232.484549 374446000 
100 31434.362676 371764000 
100 31229.014855 376657000 
100 30495.306334 373455000 
100 31069.722200 380769000 
100 31070.043793 375294000 
10 32352.093111 117471200 
10 30709.903136 113108100 
10 31268.665892 118768600 
10 31167.442904 112880800 
10 30937.205978 112422900 
10 30650.748481 113145600 
10 31257.058202 113891300 
10 30821.934214 113523800 
10 31537.023986 115059500 
10 31229.727618 116741800 
10 31314.559638 113431900 
10 31073.519466 110167300 
10 31161.218157 112881200 
10 31183.634920 116076100 
10 31423.497095 113386600 
10 30768.079019 110415200 
10 31305.354929 109145200 
10 31051.893645 116323700 
10 31403.263467 111850900 
10 30838.465647 113902000 
10 31833.434705 111946000 
10 31342.330431 109079800 
10 31244.099782 112565700 
10 30802.216616 113768400 
10 31055.331855 112886900 
10 31496.576558 113324800 
10 31131.420397 110687000 
10 30917.736424 116549200 
10 31673.919907 116168300 
10 31218.398802 114755900 
10 32174.077781 113311500 
10 31939.564139 114309500 
10 31866.759199 114869500 
10 32289.082084 111413000 
10 31737.612506 117532400 
10 30489.133216 114088500 
10 31772.255499 108187800 
10 32778.233255 115225500 
10 31784.010200 117326800 
10 32026.108614 115937000 
10 30994.974523 113471100 
200 31249.911883 496532000 
200 29889.882742 492568000 
200 30532.847302 490648000 
200 30751.645905 486322000 
200 31162.442431 485146000 
200 30266.064506 490546000 
200 30604.279575 493802000 
200 31271.478211 488170000 
200 31110.106160 492010000 
200 31115.805437 491814000 
200 31255.678065 498514000 
200 31236.539580 489062000 
200 31278.350938 488678000 
200 31474.895815 492022000 
200 30378.848053 491334000 
200 30253.560929 487774000 
200 29998.970218 494052000 
200 31156.890369 488674000 
200 31257.024113 488170000 
200 30587.940187 492472000 
200 30923.229171 487954000 
200 30958.338559 491824000 
200 30401.837312 493574000 
200 31172.163330 492454000 
200 30742.790735 487926000 
200 32454.153687 491584000 
200 30239.813968 497558000 
200 31001.774305 490830000 
200 30890.592649 496460000 
200 30934.939560 495724000 
200 31541.299800 490866000 
200 31104.918329 489120000 
200 31138.673175 493016000 
200 30930.119036 495998000 
200 30769.902946 493936000 
200 31242.395553 493292000 
200 31314.135819 489916000 
200 30836.182351 499898000 
200 30236.293471 492134000 
200 30312.614612 486242000 
200 30363.359160 494958000 
20 31594.944373 157082400 
20 31500.729661 153994200 
20 31817.490240 149066200 
20 31703.233586 159763000 
20 31199.923195 166701400 
20 31636.263745 161956000 
20 30880.324648 155055400 
20 31505.188230 161247000 
20 30815.983264 162771000 
20 31090.681342 157471000 
20 30736.484316 153640800 
20 30143.300660 157571400 
20 30328.785248 159840200 
20 31432.235444 162197600 
20 31086.060603 158653800 
20 31810.797416 156683600 
20 31165.504485 159100000 
20 31488.295744 157985200 
20 31083.691204 154787600 
20 31025.181372 158440800 
20 31987.018963 156585000 
20 31029.056145 156771000 
20 31076.286345 158970200 
20 30744.155106 164179800 
20 30849.228082 158457800 
20 32246.640731 155907000 
20 31062.325387 162588400 
20 30779.112831 156980000 
20 31542.086502 160556600 
20 31088.284490 162082600 
20 30684.608345 158000000 
20 30912.952442 161985800 
20 31202.735387 156947000 
20 31293.624151 152893000 
20 30841.537730 156287600 
20 31021.830345 156484600 
20 32093.698670 159258200 
20 30708.018574 161326400 
20 31109.833953 158019200 
20 31070.655649 154629600 
20 30976.910922 161762800 
30 31107.786705 195366500 
30 31412.593340 196880000 
30 31615.800217 203810300 
30 30559.508021 200339000 
30 31024.450843 198515600 
30 32217.161801 196840100 
30 30150.289806 197923700 
30 31048.419844 198587600 
30 31360.294486 190933100 
30 31044.863566 196634600 
30 31951.223666 194946800 
30 31319.121109 194725100 
30 31152.438778 199231100 
30 31470.578440 194212100 
30 30768.887137 198963200 
30 31301.194655 198738500 
30 30736.566239 195112700 
30 31038.014978 202849700 
30 30922.262455 203569100 
30 30822.870477 199817300 
30 31498.165729 196411400 
30 32183.995330 201602900 
30 31081.031894 198402500 
30 30611.709526 195972200 
30 31015.246156 194734700 
30 30713.481631 198469400 
30 31514.069682 201285500 
30 31277.189752 197088800 
30 31256.524984 195478400 
30 30726.624549 197879300 
30 30780.847323 196117400 
30 31266.173209 201725300 
30 31491.269004 194426300 
30 30835.094757 198185300 
30 31708.496663 194911400 
30 30889.834027 193309700 
30 31445.129340 202407200 
30 31000.305321 197281100 
30 31076.729793 199924100 
30 30815.600366 196730000 
30 31443.911680 195302900 
40 30306.934157 232360400 
40 32151.384337 232536800 
40 31321.582798 229558000 
40 31380.923536 229769600 
40 30510.160785 234648400 
40 31140.298403 239664800 
40 31193.063322 237662400 
40 32322.917303 236566000 
40 31166.378881 232286400 
40 30664.794613 231813600 
40 31276.037248 232717200 
40 30508.254709 231014400 
40 29923.635322 235458400 
40 31274.272661 229007200 
40 30856.495820 229657200 
40 31329.862646 232300400 
40 31377.766660 231152000 
40 31510.292491 231874000 
40 30700.016483 229716400 
40 31598.656950 232507600 
40 30388.714073 240358000 
40 31833.117688 232746800 
40 31819.205652 230891600 
40 31146.612217 225775200 
40 31226.037716 233981600 
40 31522.569215 239563600 
40 32049.644956 234984800 
40 30910.697304 230612400 
40 31569.986278 236594800 
40 31025.103266 230808400 
40 30741.704545 230842800 
40 32161.828388 231830800 
40 31109.915774 231759200 
40 30907.887391 226838400 
40 31416.394752 234545600 
40 30573.019924 228774800 
40 31475.655185 237601600 
40 30617.525783 230714800 
40 30564.631656 228275600 
40 31030.422510 235738400 
40 30937.316560 232683600 
50 30744.506116 266502000 
50 31644.339034 255797500 
50 31749.713535 260901500 
50 31323.114652 262966500 
50 32786.363891 261024000 
50 30977.804406 264996500 
50 30460.985312 269620500 
50 30351.664499 259535000 
50 31028.253210 261118000 
50 31823.889617 265384000 
50 31076.121957 264298000 
50 31012.500824 263666000 
50 30214.043382 262672000 
50 31393.966419 258741000 
50 31291.147931 264201000 
50 31121.706748 259840000 
50 30682.464829 262860000 
50 30898.932718 261648000 
50 30876.514079 262841000 
50 30802.894529 264649000 
50 30677.213920 261276000 
50 31332.710041 267018000 
50 32132.238790 260326000 
50 31962.927942 262225000 
50 31397.243208 267355500 
50 30845.304931 263410000 
50 31497.266193 260641500 
50 32037.062004 262106500 
50 31287.880562 261118500 
50 31014.277644 262693500 
50 31086.627264 260758000 
50 31036.700809 266374000 
50 30888.365037 262024000 
50 31490.547751 262010000 
50 30553.410231 264157500 
50 30413.138022 257793500 
50 31548.555642 261355500 
50 31065.056542 261969000 
50 32017.233961 266152500 
50 31886.691841 267743500 
50 30263.706222 259340500 
5 30399.011444 94909550 
5 31167.530851 94378550 
5 30941.447512 94160200 
5 31729.594354 93426550 
5 31381.197240 95151700 
5 31784.217666 90843550 
5 31041.629438 90839250 
5 31286.287565 92951250 
5 31494.719069 91627550 
5 30220.594825 91517550 
5 31736.504493 91958300 
5 31837.323929 97000150 
5 31159.521089 94409050 
5 31632.580509 94425600 
5 31069.979151 92728600 
5 31316.162610 90411050 
5 30837.107837 91138700 
5 31506.755096 90113750 
5 30635.576331 93160750 
5 30906.710993 93138800 
5 31316.871805 96370100 
5 30847.946924 90809900 
5 31267.792931 92961250 
5 31425.714680 96339950 
5 32184.302613 96808350 
5 30820.857619 90548600 
5 31417.650583 89865450 
5 31329.744655 93507350 
5 31720.474949 93817200 
5 31330.795847 95792850 
5 30925.212507 91315050 
5 31215.856818 96763200 
5 30941.773799 93823700 
5 31613.988130 93771300 
5 31199.188358 91099900 
5 32184.788333 91857950 
5 31259.443099 90850850 
5 31016.922867 93113500 
5 31190.178035 91000450 
5 30380.349793 90688700 
5 30013.774937 94253900 
60 31550.504801 290135600 
60 30590.814078 287274800 
60 31126.440873 293651600 
60 30705.872028 291603200 
60 31148.417859 286489400 
60 30956.877822 292028000 
60 31315.865965 286461800 
60 30509.889668 291952400 
60 31133.687624 288629000 
60 30571.946502 290933000 
60 30707.985993 289522400 
60 31259.862838 291911000 
60 31230.374554 288088400 
60 30272.421709 292980800 
60 31645.719352 289683800 
60 30621.459500 285068600 
60 30952.327460 290453600 
60 30359.841676 289054400 
60 31337.069725 292736600 
60 31459.807775 287846000 
60 31485.658725 290504600 
60 30408.224331 288380000 
60 30996.370095 288968600 
60 32189.338378 285866000 
60 31325.329644 292106000 
60 30595.469264 290673800 
60 31293.140111 288817400 
60 30391.367707 290547200 
60 31344.970567 286617200 
60 31535.740421 291792200 
60 31331.449122 288994400 
60 30659.045198 287091200 
60 31819.568373 291067400 
60 31466.841931 293689400 
60 31905.939247 287218400 
60 30907.037738 290159600 
60 30901.155097 290616200 
60 31010.348404 291674600 
60 31224.321557 289514600 
60 31513.469260 288081200 
60 30408.609574 283439000 
70 31063.757471 312832900 
70 31101.403134 312315600 
70 31363.865013 310074200 
70 30383.615513 312714600 
70 30794.606055 310368200 
70 30349.493185 307601100 
70 30987.311492 315652500 
70 29990.311110 313984400 
70 30541.814498 310382900 
70 31720.149621 312905700 
70 31032.893782 312052400 
70 31594.184803 311332800 
70 31101.091169 315009900 
70 31302.434465 310722400 
70 31761.613992 314659200 
70 31943.463512 318343300 
70 30424.143429 313186400 
70 31035.268072 311342600 
70 30657.632090 310462000 
70 30663.358709 310578900 
70 31164.096110 315684000 
70 31105.609333 310383600 
70 30814.889185 315005000 
70 31219.141756 315384400 
70 31566.171616 317213500 
70 30152.836057 316079500 
70 30466.192211 314156600 
70 31342.224900 311563800 
70 31403.874544 314770500 
70 32310.699281 309685000 
70 32179.633775 315606300 
70 31830.786320 318747900 
70 30849.187469 316374900 
70 31389.980133 310767900 
70 31112.868227 313725400 
70 31866.235115 311019900 
70 30954.017410 316920900 
70 32052.717290 310675500 
70 30770.509875 310924700 
70 31424.601777 314474400 
70 30748.367948 313244500 
80 30581.849195 333032400 
80 30805.214118 335196400 
80 31532.686015 339815600 
80 30890.969447 335331600 
80 30882.234513 331434000 
80 31351.482721 331598800 
80 31293.288836 334548400 
80 31478.799112 329564400 
80 31437.748471 335006800 
80 31630.576502 334934000 
80 31226.381749 328224400 
80 31582.473821 336394800 
80 31114.301597 335392400 
80 31119.461739 332908400 
80 30932.183012 331760400 
80 30475.321539 334015600 
80 30956.560509 334334800 
80 30906.758360 333842000 
80 31979.249008 334021200 
80 31276.679969 334649200 
80 30960.602564 334917200 
80 31661.963725 333828400 
80 30482.762869 334446800 
80 31783.561082 335441200 
80 31537.053595 330666800 
80 31083.741654 333186000 
80 31447.105417 333978800 
80 31064.549155 329653200 
80 30229.852788 335334000 
80 30873.950019 333768400 
80 31768.942027 334928400 
80 30802.374966 337278800 
80 31617.391761 339842000 
80 31232.067271 330352400 
80 31278.389323 332437200 
80 32356.630072 334240400 
80 31077.076920 332218000 
80 30655.395608 339266000 
80 31043.137873 331967600 
80 30920.467571 334576400 
80 30765.855690 336153200 
