m_0 m_1 E I
1000 1000 30560.930884 60105000 
1000 1000 30612.013287 60105000 
1000 1000 30509.731857 60105000 
1000 1000 31090.085598 60105000 
1000 1000 30718.231169 60105000 
1000 1000 30455.579068 60105000 
1000 1000 30315.206387 60105000 
1000 1000 30481.382738 60105000 
1000 1000 30256.104741 60105000 
1000 1000 30667.881568 60105000 
1000 1000 30830.361215 60105000 
1000 1000 30842.329460 60105000 
1000 1000 30591.399691 60105000 
1000 1000 30395.156210 60105000 
1000 1000 30503.898406 60105000 
1000 1000 30993.250826 60105000 
1000 1000 30154.840195 60105000 
1000 1000 30611.054120 60105000 
1000 1000 30635.411698 60105000 
1000 1000 30256.994394 60105000 
1000 1000 31200.180489 60105000 
1000 1000 30730.241548 60105000 
1000 1000 29803.043665 60105000 
1000 1000 30340.566265 60105000 
1000 1000 29966.747698 60105000 
1000 1000 30090.952521 60105000 
1000 1000 30513.147062 60105000 
1000 1000 30614.807855 60105000 
1000 1000 31614.162196 60105000 
1000 1000 30828.123835 60105000 
1000 1000 30683.257085 60105000 
1000 1000 30531.621488 60105000 
1000 1000 30637.811439 60105000 
1000 1000 31202.708805 60105000 
1000 1000 31067.871686 60105000 
1000 1000 30007.336919 60105000 
1000 1000 29809.197994 60105000 
1000 1000 30241.648528 60105000 
1000 1000 31055.501419 60105000 
1000 1000 30517.841509 60105000 
100 1000 30614.737433 37105000 
100 1000 31118.057424 37105000 
100 1000 30433.502241 39105000 
100 1000 30618.560742 39605000 
100 1000 31634.333994 38605000 
100 1000 31459.917470 37605000 
100 1000 30759.941228 36605000 
100 1000 30470.895614 38605000 
100 1000 30194.253564 39605000 
100 1000 30584.796771 36105000 
100 1000 30382.901967 37105000 
100 1000 30813.714236 37605000 
100 1000 31166.819656 38605000 
100 1000 31389.114380 37105000 
100 1000 29744.639994 37105000 
100 1000 31567.288168 37605000 
100 1000 31050.929949 36605000 
100 1000 31234.353230 38605000 
100 1000 30896.480791 39105000 
100 1000 30932.143158 37605000 
100 1000 31223.119855 37105000 
100 1000 31002.441102 37605000 
100 1000 31260.871502 36605000 
100 1000 30734.121432 38605000 
100 1000 30322.856279 38605000 
100 1000 31959.957745 38105000 
100 1000 31286.987398 36605000 
100 1000 31543.319152 38605000 
100 1000 30735.207222 36605000 
100 1000 32000.488836 37605000 
100 1000 32004.051362 37605000 
100 1000 31129.350113 37105000 
100 1000 31183.661896 38605000 
100 1000 30596.073663 37105000 
100 1000 30384.648926 37105000 
100 1000 31199.312620 37605000 
100 1000 30704.402026 38605000 
100 1000 31520.967772 37105000 
100 1000 31711.001040 37605000 
100 1000 31278.735359 36605000 
10 1000 31306.189139 25055000 
10 1000 32593.323589 24605000 
