Interval E I
100 30983.913891 141288000 
100 31442.110308 140700000 
100 31065.847550 142130000 
100 31797.695802 137888000 
100 31381.959212 139003500 
100 31168.926617 138950500 
100 31800.108366 142180000 
100 31036.291011 140144500 
100 31473.166934 142564500 
100 31135.935905 143256000 
100 31239.430957 143087000 
100 30985.182494 140306000 
100 31515.867733 139888000 
100 31035.138076 143094000 
100 31562.109089 138397500 
100 31409.857485 142217500 
100 31835.235520 141068000 
100 31042.121532 141263500 
100 31093.960804 139096500 
100 30293.365104 141000000 
100 31135.377289 139400500 
100 31902.982348 141408000 
100 30653.027904 137246500 
100 31277.137913 139479500 
100 31131.632760 140247000 
100 31098.580834 140785000 
100 31373.773001 140291500 
100 30823.673753 141736500 
100 31597.074932 139244500 
100 31522.223373 139122500 
100 31492.300137 136536000 
100 31409.143399 138568000 
100 31221.137597 140147000 
100 31138.040635 140441500 
100 32258.010688 141621000 
100 31205.057960 138263000 
100 31296.194710 141484000 
100 32178.232370 139794500 
100 30949.372533 138562000 
100 30941.591748 140591000 
100 30995.287766 139921000 
10 31260.946636 45856200 
10 32687.299420 43489800 
10 33125.720561 44896300 
10 32522.186990 43433850 
10 32168.644173 42603650 
10 31649.364323 47624750 
10 32654.440237 44010850 
10 30896.984801 44139000 
10 31473.803765 44646500 
10 31040.358660 44880700 
10 32294.071284 45691750 
10 31290.295703 44021100 
10 31292.825054 44170850 
10 30968.488406 43676600 
10 31778.419617 44252600 
10 31393.429627 42824550 
10 31466.945270 43875750 
10 32107.990500 43310850 
10 31551.662163 43093400 
10 31109.920579 43728500 
10 31789.233139 43543350 
10 31051.075015 45369150 
10 31536.858062 44572950 
10 31447.663176 44206100 
10 31447.322100 42954700 
10 31171.468566 41739300 
10 31833.203422 43181850 
10 32018.824379 43350250 
10 30476.814675 43729050 
10 31850.900816 45184450 
10 31675.432397 43380800 
10 31085.709597 44162300 
10 30903.763426 42184300 
10 31664.212535 42537200 
10 31516.633704 43236550 
10 31492.748946 42898300 
10 31368.880980 42480600 
10 31332.471186 44976750 
10 31684.666646 44352700 
10 31326.786267 44769900 
10 31639.963333 44928550 
150 30456.575484 179990250 
150 30116.669312 178472250 
150 31072.632444 174424500 
150 30515.520546 177568500 
150 30901.214292 179452500 
150 30821.664750 177838500 
150 30436.129709 179070750 
150 30903.573742 178902750 
150 30800.831827 180857250 
150 30494.211700 176382000 
150 30858.771066 175171500 
150 32924.343571 179459250 
150 31326.680705 176729250 
150 31648.309422 176893500 
150 30889.531270 179504250 
150 30920.181204 177170250 
150 31394.041136 179547750 
150 30867.649823 178164000 
150 31252.972077 178900500 
150 31787.890565 177670500 
150 30971.116710 177161250 
150 30981.537229 176625000 
150 31083.248193 178335750 
150 31198.226386 179016000 
150 30870.067743 175361250 
150 31085.671346 180161250 
150 31086.063075 178532250 
150 30596.816095 179757000 
150 30921.305192 176502750 
150 30868.940274 177233250 
150 31101.214518 179799000 
150 31873.503392 179864250 
150 31442.558793 177259500 
150 30350.106002 175523250 
150 31878.066575 178001250 
150 30556.262059 177941250 
150 31427.530940 176124000 
150 31106.906799 180379500 
150 31555.153699 179939250 
150 31266.385601 178986750 
150 31227.135590 178684500 
200 30970.684588 207896000 
200 30747.178800 204774000 
200 31135.243170 207699000 
200 30713.034360 207321000 
200 30698.335326 209145000 
200 31450.826552 209567000 
200 30710.847051 210557000 
200 31764.587324 210067000 
200 31487.946612 208111000 
200 30883.327482 206469000 
200 30976.429497 208785000 
200 31478.266434 204756000 
200 31150.985016 204766000 
200 31273.252975 208623000 
200 30490.303837 207479000 
200 31363.505483 207879000 
200 30093.896189 208931000 
200 31789.921355 208155000 
200 30679.315613 208770000 
200 31488.307595 207707000 
200 30726.137900 208557000 
200 31249.863685 208663000 
200 30401.644880 208748000 
200 30643.621051 206849000 
200 30826.852161 206017000 
200 31569.475727 207202000 
200 32263.167774 207193000 
200 30254.866233 206962000 
200 31276.408536 210005000 
200 31136.942838 209432000 
200 30512.195340 206224000 
200 30728.995157 209347000 
200 30459.077183 207794000 
200 30340.731568 207717000 
200 30768.204135 206306000 
200 30666.082187 208582000 
200 30807.640488 209388000 
200 30706.718913 208563000 
200 31348.543369 206718000 
200 31392.240720 207053000 
200 30697.444151 206512000 
20 31292.386762 57145200 
20 32633.652245 56549600 
20 31550.727339 54676500 
20 32037.611621 56810700 
20 31406.168745 56622700 
20 30449.337485 53056000 
20 30752.821456 56205600 
20 31147.794666 56389400 
20 30846.560020 57091600 
20 31433.229156 52765000 
20 31200.259155 55424500 
20 31938.223105 55525400 
20 31851.727698 56095800 
20 32043.352895 54653900 
20 31780.037387 56553900 
20 32242.182976 56810700 
20 31384.093689 58282100 
20 32484.566054 55504200 
20 32481.871719 56520700 
20 31433.838976 55249600 
20 31500.998451 57612300 
20 31223.530303 55775100 
20 31824.214772 54761000 
20 32283.819995 56662100 
20 31681.917190 56210000 
20 32201.046669 54111900 
20 31853.294840 56742600 
20 31803.746915 56391900 
20 30921.581740 55540700 
20 31729.689216 56065500 
20 31392.869496 55923300 
20 31318.819133 54950500 
20 31563.463380 56766000 
20 31174.914931 56936200 
20 30831.866754 56787300 
20 31568.565899 55633300 
20 32361.165733 55325300 
20 31481.560530 57477200 
20 31340.812138 54104800 
20 31204.845340 54962800 
20 31254.612340 58366100 
30 32591.600210 70155000 
30 31193.651960 68044650 
30 31483.540598 68711550 
30 31048.108954 69317250 
30 31910.368153 67724550 
30 31220.111433 69312600 
30 31408.691411 69380700 
30 31551.573084 68449800 
30 31136.840435 69757800 
30 30617.692450 66087900 
30 31475.588814 66802800 
30 31916.141937 66674100 
30 30322.780629 68332800 
30 31967.208789 67222350 
30 30913.223512 67624950 
30 31768.322214 66232500 
30 31276.232727 68922300 
30 31977.392301 69333000 
30 31271.483385 67517550 
30 31486.851566 66636300 
30 32555.460152 69171900 
30 31691.730218 68858250 
30 31915.617565 69196500 
30 31028.125623 67675950 
30 31749.500340 68641500 
30 31557.155062 68778300 
30 31664.756009 68489400 
30 31505.345905 66025950 
30 31008.929059 68709750 
30 31284.834236 67764600 
30 30892.571255 69762300 
30 32105.469132 67642500 
30 30843.636225 67914150 
30 31559.221779 67072650 
30 31661.319121 67123050 
30 31735.909814 68458050 
30 31011.324318 68544000 
30 31934.148954 69873600 
30 31700.464955 66950100 
30 31532.602690 68926650 
30 31616.251061 66398850 
40 31582.287024 80759200 
40 32082.998418 79453200 
40 31703.319638 79848400 
40 31059.447662 77907400 
40 31885.892876 78786200 
40 32477.804146 78918600 
40 30987.150911 79611200 
40 30379.818483 79348400 
40 30843.456813 81299000 
40 30711.427995 79961000 
40 31550.706479 80621400 
40 31669.115074 82505600 
40 31349.067212 78825200 
40 30652.678122 77715800 
40 31087.014626 79081400 
40 31400.070809 78469800 
40 32065.043662 79410000 
40 32267.274877 78576200 
40 31394.833940 77738400 
40 31421.681745 79464400 
40 31335.809617 81152800 
40 31426.349396 80475000 
40 30150.429151 82237200 
40 31207.889107 79194800 
40 31516.938378 79853000 
40 30515.416233 79763600 
40 31378.639342 82001800 
40 31834.599228 81542200 
40 31301.404170 81459800 
40 31290.101235 80334400 
40 31375.073991 79525400 
40 30499.447490 78586200 
40 30661.181242 80652000 
40 32240.854433 80329400 
40 31804.560701 79157200 
40 30907.681420 80122400 
40 31209.576941 80338800 
40 31614.701661 81862200 
40 30896.235638 77470000 
40 32142.702908 80201800 
40 31892.857245 80665800 
50 31983.103286 90526250 
50 30719.106616 92385750 
50 30747.963420 90007750 
50 30870.979305 90713250 
50 32148.073622 91783000 
50 31963.406084 90378000 
50 30601.405740 90809500 
50 31113.457204 92148500 
50 32122.264369 91350500 
50 30426.851526 90615000 
50 32034.129197 88804500 
50 31869.302896 90365750 
50 31286.420993 94042750 
50 30864.420826 92047500 
50 31226.152180 88692250 
50 30932.527963 89144000 
50 31273.570598 88614750 
50 31218.090283 92899500 
50 31731.904949 90444750 
50 31055.298756 90280250 
50 31166.829713 91077500 
50 31775.548738 89436000 
50 30781.082971 92596000 
50 31804.822634 91318000 
50 31752.815431 88340500 
50 31742.775148 92021000 
50 31828.106030 89221000 
50 31491.161425 90654750 
50 31342.694917 93653000 
50 31017.606350 92218250 
50 31146.909394 90411750 
50 31306.708148 90641000 
50 31611.073753 87917500 
50 31825.023093 89125000 
50 31336.519779 90141000 
50 32417.437784 91192750 
50 30626.744388 89644000 
50 31379.642948 92241500 
50 32273.402995 91767500 
50 31723.958068 91296500 
50 31384.293234 90579250 
60 31970.022867 99726900 
60 31816.308765 101407200 
60 31652.104142 99721500 
60 30458.693066 101406600 
60 31550.231651 101425500 
60 30507.256560 100803300 
60 31655.744989 99332100 
60 30566.775974 101180700 
60 30456.492648 100585800 
60 31452.567236 101591700 
60 32544.134610 102485700 
60 30776.697512 100043100 
60 31692.025954 102038100 
60 31764.357736 99361800 
60 31500.070025 103554600 
60 31473.446849 101719200 
60 31917.550749 99834600 
60 30999.457592 104739900 
60 31237.006512 99795900 
60 31280.594914 104235600 
60 32200.444949 101058000 
60 31625.599791 104177100 
60 31293.269600 102391500 
60 31668.200736 102141900 
60 31098.319953 102340500 
60 30717.176213 100471200 
60 30751.931524 102034500 
60 31481.029588 103584900 
60 30683.648423 100733100 
60 32860.130200 103649400 
60 32424.332024 105597900 
60 31143.531218 102135300 
60 30911.566219 104301900 
60 31471.588687 102402000 
60 31314.682029 100647600 
60 32247.682732 103635300 
60 31211.856188 98073000 
60 30438.299189 99738600 
60 31663.409376 100417500 
60 32059.869759 103723200 
60 30903.305056 100469100 
65 30727.695160 105821650 
65 30713.593115 106069625 
65 32012.554889 107350125 
65 31729.897845 108981625 
65 31279.783355 105358200 
65 30975.272194 107237675 
65 31732.226757 109078475 
65 32082.397336 107625400 
65 32178.540281 110411300 
65 31327.551033 108463250 
65 30751.505485 108604300 
65 31443.632981 110608250 
65 30869.204332 104727050 
65 31256.873004 108022875 
65 31370.048350 107159025 
65 31493.224472 106304600 
65 31302.682708 106131375 
65 30954.867518 106819075 
65 31669.870717 105475525 
65 31240.709970 106252275 
65 30852.693937 104221350 
65 30866.640151 106951350 
65 31410.138791 106065075 
65 31222.626413 106435900 
65 31541.146256 107128150 
65 31326.384265 106599375 
65 32235.241042 108539950 
65 31065.078932 106907475 
65 31257.504629 108243225 
65 30840.243226 109716125 
65 30694.876075 105909725 
65 30936.502940 108561400 
65 32134.381233 108753800 
65 31479.485867 107532125 
65 30843.323411 105076750 
65 31026.211860 105028650 
65 31942.169383 108811975 
65 31181.626774 107562025 
65 31039.517795 106103750 
65 30638.097592 110046975 
65 30379.630908 106955900 
70 31287.553542 110658800 
70 30362.167662 112488950 
70 32368.392861 111425650 
70 31111.808369 114085300 
70 31687.124397 112761250 
70 32428.867113 111473600 
70 31255.277505 111836900 
70 30886.279152 109693150 
70 32467.081071 112581000 
70 31137.019887 112105350 
70 31237.494267 113802150 
70 31250.691691 111910400 
70 31866.352490 113531250 
70 32394.519419 110902050 
70 31634.004468 110191200 
70 32105.854612 112150500 
70 32304.434044 113276100 
70 31299.051439 114572500 
70 31800.157669 112285950 
70 31864.239670 112494200 
70 31047.038760 112169750 
70 30874.215529 112908250 
70 31632.535628 112972650 
70 31660.176207 111789650 
70 31560.725308 111510350 
70 32047.105392 111388550 
70 31077.832762 111793500 
70 30417.850035 112212100 
70 31377.741373 112130200 
70 30736.034500 113779750 
70 31635.733671 111231750 
70 31940.490801 114259250 
70 31444.404219 114028950 
70 30771.068834 109736900 
70 31776.063892 113690500 
70 31041.675586 112906500 
70 31323.695849 113837150 
70 30793.675708 110136250 
70 30947.611965 113038100 
70 30432.793555 114098950 
70 31309.008771 112030100 
80 31330.851926 121337000 
80 31546.820010 121063000 
80 31595.638534 123263800 
80 30982.780589 121109800 
80 31530.819982 123601400 
80 31835.098717 120751800 
80 31338.469849 122766200 
80 30502.466963 120979400 
80 31425.082849 122287400 
80 31239.661613 122564200 
80 31838.212626 122399000 
80 31508.331439 120878600 
80 30763.316141 120639000 
80 31312.624998 120400200 
80 31107.982351 122006200 
80 31936.000894 121150600 
80 30638.453283 122022600 
80 31173.669598 122561800 
80 32922.634489 119073000 
80 31845.720643 121748200 
80 31113.184693 119772600 
80 31847.479007 120980200 
80 30867.092095 121787800 
80 31349.997287 123566600 
80 31807.536339 124125400 
80 30859.415358 119274200 
80 32020.239384 120177800 
80 30494.708967 121102600 
80 31655.101979 122765800 
80 31185.861876 123760200 
80 31806.243010 124517000 
80 31173.950517 121321800 
80 31622.420909 121076600 
80 30844.286195 122845000 
80 31276.410744 123365000 
80 31233.556671 121576200 
80 31369.497759 124713800 
80 31333.008893 121298200 
80 30798.142719 120068600 
80 31085.113806 123193000 
80 31854.605000 123001400 
90 31243.176246 131536500 
90 31085.120067 131985600 
90 30823.898737 132083700 
90 30740.026520 130263900 
90 31353.056023 130852050 
90 31269.611152 131783100 
90 32442.326304 133109700 
90 31610.208562 132414450 
90 31096.615009 131896050 
90 31759.214148 134222550 
90 31067.499778 131213850 
90 30489.628214 131058150 
90 30648.522634 129505200 
90 30993.693915 132467100 
90 31813.973422 130958250 
90 32388.548404 129226650 
90 31236.030869 132256950 
90 31285.661915 131099550 
90 30804.970100 132814500 
90 30231.190808 129556500 
90 31367.101172 130467300 
90 31813.293050 130976700 
90 31529.901802 131120700 
90 31867.409969 129910650 
90 31305.856253 130839900 
90 31412.012186 132973800 
90 32237.532696 131338950 
90 31398.394641 129728850 
90 30925.396908 128947200 
90 30927.870202 131941500 
90 30578.317557 131977950 
90 31337.769760 130658550 
90 31900.475112 129930900 
90 30955.556573 131980650 
90 31888.627049 131439750 
90 31137.633824 129013800 
90 31941.239320 131058600 
90 31571.380004 129232500 
90 30750.970962 131280450 
90 31224.118508 132722250 
90 30926.455086 133841850 
