m_0 m_1 E I
1000 1000 30290.744148 375125000 
1000 1000 30379.080572 375125000 
1000 1000 30054.192022 375125000 
1000 1000 30464.885367 375125000 
1000 1000 30273.903685 375125000 
1000 1000 31581.519591 375125000 
1000 1000 30721.843469 375125000 
1000 1000 30213.306726 375125000 
1000 1000 31129.165502 375125000 
1000 1000 30802.580311 375125000 
1000 1000 30163.144552 375125000 
1000 1000 30403.013978 375125000 
1000 1000 30319.825439 375125000 
1000 1000 30888.393213 375125000 
1000 1000 30872.640304 375125000 
1000 1000 30232.374651 375125000 
1000 1000 29755.397529 375125000 
1000 1000 30567.206592 350125000 
1000 1000 30590.119856 375125000 
1000 1000 30459.784567 375125000 
1000 1000 30971.002517 375125000 
1000 1000 31103.095236 375125000 
1000 1000 30144.528947 375125000 
1000 1000 30908.607214 375125000 
1000 1000 30385.373878 375125000 
1000 1000 30505.010538 375125000 
1000 1000 31091.470562 375125000 
1000 1000 29886.296770 375125000 
1000 1000 30299.224590 375125000 
1000 1000 30512.073225 375125000 
1000 1000 29951.407970 375125000 
1000 1000 30945.375430 375125000 
1000 1000 30698.323103 375125000 
1000 1000 30480.408361 375125000 
1000 1000 30687.443219 375125000 
1000 1000 29665.188625 375125000 
1000 1000 30437.300256 375125000 
1000 1000 30109.574693 375125000 
1000 1000 30240.044760 375125000 
1000 1000 30612.470938 375125000 
100 1000 29948.159071 292625000 
100 1000 30973.218196 297625000 
100 1000 30318.314667 285125000 
100 1000 31100.341150 282625000 
100 1000 31217.516784 297625000 
100 1000 30377.777289 300125000 
100 1000 30973.424150 302625000 
100 1000 31013.271797 295125000 
100 1000 30021.328828 292625000 
100 1000 31245.499397 302625000 
100 1000 31328.170411 305125000 
100 1000 31134.029571 307625000 
100 1000 30991.975559 295125000 
100 1000 29978.679143 295125000 
100 1000 30505.497750 295125000 
100 1000 30436.857673 295125000 
100 1000 31064.180088 292625000 
100 1000 30758.403250 297625000 
100 1000 30342.457060 300125000 
100 1000 30411.934624 292625000 
100 1000 29946.228428 302625000 
100 1000 30153.596099 287625000 
100 1000 30953.676768 292625000 
100 1000 30648.678445 290125000 
100 1000 30305.247134 297625000 
100 1000 31002.642229 292625000 
100 1000 31292.628895 302625000 
100 1000 30691.516664 300125000 
100 1000 31049.593711 300125000 
100 1000 31107.623042 297625000 
100 1000 31065.051628 290125000 
100 1000 30997.965962 307625000 
100 1000 30613.636669 300125000 
100 1000 31357.683960 292625000 
100 1000 30913.377173 302625000 
100 1000 30972.291068 292625000 
100 1000 30953.447742 290125000 
100 1000 31252.596568 305125000 
100 1000 30589.029061 282625000 
100 1000 30102.149799 297625000 
10 1000 30928.634374 191625000 
10 1000 30543.177454 198125000 
10 1000 30623.176896 189375000 
10 1000 31151.431566 193375000 
10 1000 30205.421597 200875000 
10 1000 31010.009577 200875000 
10 1000 30699.031106 186375000 
10 1000 31027.382120 191625000 
10 1000 30409.894104 186875000 
10 1000 31093.854993 185375000 
10 1000 30544.964467 208375000 
10 1000 31204.521413 196875000 
10 1000 30656.090550 198625000 
10 1000 30813.064247 185875000 
10 1000 30964.505863 204875000 
10 1000 30600.879152 192625000 
10 1000 30575.739131 206875000 
10 1000 31082.388585 197375000 
10 1000 30509.346990 203375000 
10 1000 30384.292889 199875000 
10 1000 30935.430590 201625000 
10 1000 30522.152426 195375000 
10 1000 30173.125290 186625000 
10 1000 30855.209421 188375000 
10 1000 30513.418048 191875000 
10 1000 31164.495861 197625000 
10 1000 30999.568881 197875000 
10 1000 30873.434624 189625000 
10 1000 30658.251088 203875000 
10 1000 31437.679316 194125000 
10 1000 29952.615508 199375000 
10 1000 30028.467053 192875000 
10 1000 30322.226795 194875000 
10 1000 30774.820337 209875000 
10 1000 30448.857952 192125000 
10 1000 30760.412439 191125000 
10 1000 31112.243855 199375000 
10 1000 30418.058959 193625000 
10 1000 30923.903336 193375000 
10 1000 31212.072749 194375000 
50 1000 31216.814706 263875000 
50 1000 30878.318859 263875000 
50 1000 30778.252156 263875000 
50 1000 29684.989532 252625000 
50 1000 31158.487629 272625000 
50 1000 30540.527812 253875000 
50 1000 30598.273664 265125000 
50 1000 31032.288975 260125000 
50 1000 31274.311899 261375000 
50 1000 31226.571730 270125000 
50 1000 31436.769008 270125000 
50 1000 30703.376661 265125000 
50 1000 30669.859450 262625000 
50 1000 30669.861075 267625000 
50 1000 30751.454395 263875000 
50 1000 30487.591613 258875000 
50 1000 31322.247001 257625000 
50 1000 30662.709499 266375000 
50 1000 31023.189329 273875000 
50 1000 30761.563761 256375000 
50 1000 30287.484522 256375000 
50 1000 30070.513945 262625000 
50 1000 30700.724143 258875000 
50 1000 30397.726571 263875000 
50 1000 31161.724092 267625000 
50 1000 30853.400558 277625000 
50 1000 30415.581986 262625000 
50 1000 31024.838445 273875000 
50 1000 30851.676471 261375000 
50 1000 30112.821599 258875000 
50 1000 30222.421517 267625000 
50 1000 30075.231797 266375000 
50 1000 30440.904573 263875000 
50 1000 30236.420159 257625000 
50 1000 30152.302494 255125000 
50 1000 30293.136486 270125000 
50 1000 30668.745546 262625000 
50 1000 31249.121909 261375000 
50 1000 30763.393311 266375000 
50 1000 30412.619146 260125000 
1000 100 31061.954174 352625000 
1000 100 30384.421892 355125000 
1000 100 30154.081147 360125000 
1000 100 30460.518655 362625000 
1000 100 30251.878309 360125000 
1000 100 30794.480952 355125000 
1000 100 29941.624291 352625000 
1000 100 31014.539081 357625000 
1000 100 30711.565639 357625000 
1000 100 30340.918135 365125000 
1000 100 31422.737161 355125000 
1000 100 30563.817013 360125000 
1000 100 30467.288928 360125000 
1000 100 30873.588033 367625000 
1000 100 30819.616712 370125000 
1000 100 30286.677265 360125000 
1000 100 30642.452455 365125000 
1000 100 30422.485978 355125000 
1000 100 29810.521300 362625000 
1000 100 30916.870962 365125000 
1000 100 30413.067186 375125000 
1000 100 30061.952342 362625000 
1000 100 30652.994307 360125000 
1000 100 30689.904342 355125000 
1000 100 30039.283500 360125000 
1000 100 30601.100157 355125000 
1000 100 30272.281225 355125000 
1000 100 30938.993911 360125000 
1000 100 31379.839940 365125000 
1000 100 30751.584846 370125000 
1000 100 30536.929192 355125000 
1000 100 30079.665690 357625000 
1000 100 30897.097421 357625000 
1000 100 30319.389251 355125000 
1000 100 30644.746864 365125000 
1000 100 30281.728471 360125000 
1000 100 30289.362172 357625000 
1000 100 30974.769241 355125000 
1000 100 29827.948737 360125000 
1000 100 29855.564907 352625000 
100 100 30662.408473 300625000 
100 100 30121.678099 292375000 
100 100 30259.131332 285875000 
100 100 30863.769106 295875000 
100 100 30281.298130 292875000 
100 100 30428.596813 287625000 
100 100 30325.083993 291625000 
100 100 30742.035215 290125000 
100 100 30539.139457 287375000 
100 100 30687.217466 293375000 
100 100 30947.871924 298375000 
100 100 30862.016529 287125000 
100 100 31309.593802 295375000 
100 100 30309.916320 293375000 
100 100 30215.855193 294125000 
100 100 30625.353817 292125000 
100 100 30685.505198 293125000 
100 100 30131.194110 296125000 
100 100 30737.642188 288625000 
100 100 31183.483701 284625000 
100 100 30555.675691 295375000 
100 100 30401.225550 288625000 
100 100 29938.511363 295875000 
100 100 30920.763451 289875000 
100 100 30086.182279 285375000 
100 100 30561.867232 301625000 
100 100 31746.256047 295625000 
100 100 30251.942606 292875000 
100 100 30039.094632 281125000 
100 100 30249.307704 291875000 
100 100 30773.992394 287875000 
100 100 30224.525347 294625000 
100 100 30537.704383 294375000 
100 100 30780.456372 296375000 
100 100 30831.808817 295125000 
100 100 30693.305016 297375000 
100 100 30651.545956 285375000 
100 100 30442.353582 287375000 
100 100 30282.520497 297125000 
100 100 29990.842823 288625000 
10 100 31178.487256 195725000 
10 100 31254.401585 203275000 
10 100 30817.698827 197050000 
10 100 30869.807118 198750000 
10 100 30072.828782 202400000 
10 100 30613.833624 195075000 
10 100 30679.640780 194200000 
10 100 30666.104493 196775000 
10 100 30378.073335 190100000 
10 100 31743.676378 197025000 
10 100 31355.763395 194425000 
10 100 31394.494928 196050000 
10 100 31392.566562 185750000 
10 100 31089.530616 194475000 
10 100 30547.471399 194700000 
10 100 30962.122315 204750000 
10 100 31341.920808 198825000 
10 100 30779.807419 198250000 
10 100 30633.282203 188825000 
10 100 31675.467447 179925000 
10 100 30950.275082 195650000 
10 100 30770.589917 192375000 
10 100 30789.467775 201450000 
10 100 30974.614164 196700000 
10 100 32206.284056 196350000 
10 100 30901.396783 184500000 
10 100 30948.097076 189925000 
10 100 30691.502789 201125000 
10 100 31329.028603 187825000 
10 100 31267.451891 194650000 
10 100 32096.422674 200400000 
10 100 31347.455824 188300000 
10 100 29870.592224 198800000 
10 100 31108.649521 192550000 
10 100 30443.519786 188250000 
10 100 30406.607495 184525000 
10 100 30520.662989 193175000 
10 100 30500.296662 189625000 
10 100 30557.664192 191175000 
10 100 31460.676246 198400000 
50 100 30930.565454 263125000 
50 100 30728.344369 254625000 
50 100 31642.380612 253875000 
50 100 30552.170294 252375000 
50 100 30347.550318 262125000 
50 100 30046.729030 263625000 
50 100 30649.184035 260875000 
50 100 31581.093487 258500000 
50 100 31193.408842 261625000 
50 100 31073.454702 264375000 
50 100 30660.621850 258750000 
50 100 30354.460988 258375000 
50 100 30383.602107 257750000 
50 100 30663.456035 263500000 
50 100 30712.621446 262750000 
50 100 31328.701686 262000000 
50 100 30601.236853 258750000 
50 100 30278.179404 254125000 
50 100 30767.924481 250125000 
50 100 30139.806566 267000000 
50 100 30612.462981 266875000 
50 100 30828.746137 266000000 
50 100 30806.141094 262500000 
50 100 30352.218351 261750000 
50 100 31589.670958 260875000 
50 100 30651.555859 258000000 
50 100 29833.979841 254250000 
50 100 31545.639268 256500000 
50 100 31546.611229 264500000 
50 100 30124.807968 262625000 
50 100 30988.935274 270750000 
50 100 30381.487024 257625000 
50 100 30111.648354 262875000 
50 100 30433.342570 264750000 
50 100 30711.657124 253875000 
50 100 30474.144634 259875000 
50 100 30451.373693 266125000 
50 100 30833.910599 257375000 
50 100 30848.478402 268250000 
50 100 30063.600832 256875000 
1000 10 30865.280111 360125000 
1000 10 30524.458423 361375000 
1000 10 30394.904258 359125000 
1000 10 30584.993321 363125000 
1000 10 31003.623719 374375000 
1000 10 30815.679613 355625000 
1000 10 30998.179901 349625000 
1000 10 30375.163063 352375000 
1000 10 30871.886125 361375000 
1000 10 31037.246499 363375000 
1000 10 30745.714966 360375000 
1000 10 30287.137436 367625000 
1000 10 30189.212750 359375000 
1000 10 30214.065231 353125000 
1000 10 30662.456982 353375000 
1000 10 30245.578110 348125000 
1000 10 29897.430600 359375000 
1000 10 30434.636207 362625000 
1000 10 30268.598550 365875000 
1000 10 30090.830316 355625000 
1000 10 30959.682273 356625000 
1000 10 30554.576982 358875000 
1000 10 30184.295350 360625000 
1000 10 30511.069975 351625000 
1000 10 29722.163976 350875000 
1000 10 30398.648036 364125000 
1000 10 30482.640844 352125000 
1000 10 30878.212055 359125000 
1000 10 30153.118299 354625000 
1000 10 30772.226355 346875000 
1000 10 30515.111785 354875000 
1000 10 30780.672494 363375000 
100 10 30595.724505 289675000 
100 10 31319.901164 291750000 
100 10 31391.334825 304300000 
100 10 31332.131961 286750000 
100 10 30904.748112 292750000 
100 10 30836.760405 290900000 
100 10 30672.070675 294275000 
100 10 30539.652233 278500000 
100 10 30255.357326 294600000 
100 10 30734.291442 287050000 
100 10 31143.637729 303025000 
100 10 30722.176075 290825000 
100 10 31080.803241 298100000 
100 10 31169.761089 298900000 
100 10 30130.603602 282050000 
100 10 29765.050759 288575000 
100 10 30015.548512 289350000 
100 10 29758.655979 291900000 
100 10 30359.050430 296225000 
100 10 30813.257108 296025000 
100 10 31485.523858 288800000 
100 10 30907.909235 282500000 
100 10 30754.313208 297075000 
100 10 30611.007436 295000000 
100 10 30578.292049 297600000 
100 10 29640.294386 291975000 
100 10 31067.272128 284100000 
100 10 30699.499431 284325000 
100 10 31918.904775 290125000 
100 10 31193.564108 299375000 
100 10 30560.827457 294750000 
100 10 30403.309046 284350000 
100 10 29873.908487 286075000 
100 10 31138.769663 295500000 
100 10 30926.627052 288025000 
100 10 30706.223128 287700000 
100 10 30829.504799 293275000 
100 10 30311.396750 292650000 
100 10 30502.663857 282275000 
10 10 31079.094202 197997500 
10 10 31431.724981 193545000 
10 10 30909.704942 193327500 
10 10 30514.995601 206472500 
10 10 30948.536668 191682500 
10 10 31476.797482 191790000 
10 10 31562.730719 202275000 
10 10 31223.697418 197225000 
10 10 30388.300774 188915000 
10 10 30712.312829 190767500 
10 10 30102.992311 195445000 
10 10 31108.623632 185522500 
10 10 31177.587423 195387500 
10 10 30405.693584 187387500 
10 10 31989.276430 198075000 
10 10 30806.769945 189982500 
10 10 30593.997958 186480000 
10 10 30566.096150 190197500 
10 10 31034.398433 192427500 
10 10 31362.153459 194265000 
10 10 31384.235407 187587500 
10 10 31624.540012 202432500 
10 10 31215.529502 192157500 
50 10 30741.570211 254150000 
50 10 31645.702182 257150000 
50 10 30815.187396 256287500 
50 10 30268.216368 251775000 
50 10 30874.488236 258887500 
50 10 30559.063492 259900000 
50 10 30800.531907 254800000 
50 10 31377.819875 263125000 
50 10 30750.969647 262350000 
50 10 30715.164666 261987500 
50 10 31267.142662 251975000 
50 10 29939.237649 255187500 
50 10 30671.361944 257387500 
50 10 30140.356339 252900000 
50 10 30529.587695 262475000 
50 10 31189.242502 260425000 
50 10 31159.712237 249562500 
50 10 30636.433189 260050000 
50 10 30664.484505 251737500 
1000 50 30427.053272 356375000 
1000 50 30067.123664 361375000 
1000 50 30016.523664 343875000 
1000 50 30784.645413 353875000 
1000 50 30521.071984 353875000 
1000 50 29978.526458 361375000 
1000 50 30181.953105 357625000 
1000 50 30659.321237 350125000 
1000 50 31168.104490 358875000 
1000 50 30825.918513 351375000 
1000 50 30544.015831 357625000 
1000 50 30199.403008 363875000 
1000 50 30523.517376 361375000 
1000 50 30359.437290 360125000 
1000 50 30448.650637 358875000 
1000 50 31143.329540 358875000 
1000 50 30331.256244 357625000 
1000 50 30570.654070 361375000 
1000 50 30554.714072 355125000 
1000 50 30094.333662 363875000 
1000 50 30854.507334 365125000 
1000 50 30460.800550 357625000 
1000 50 30438.112557 356375000 
1000 50 30265.909432 348875000 
1000 50 30449.784888 361375000 
100 50 30291.712802 291625000 
100 50 30112.014857 288750000 
100 50 30397.651718 290375000 
100 50 30537.805711 288500000 
100 50 30792.850570 280375000 
100 50 30470.979817 290625000 
100 50 29619.017880 279750000 
100 50 31449.045952 296000000 
100 50 30544.232194 292125000 
100 50 31498.880557 291875000 
100 50 30827.414621 297875000 
100 50 31172.832693 298625000 
100 50 29960.814780 279625000 
100 50 30217.451690 293125000 
100 50 30787.245635 295250000 
100 50 31058.649247 296375000 
100 50 30810.957557 289000000 
100 50 30999.240945 281750000 
100 50 30730.416014 305000000 
100 50 30617.880614 293375000 
100 50 30792.938724 294500000 
100 50 31322.827014 296125000 
100 50 30470.816430 292500000 
100 50 29963.820031 293125000 
100 50 31379.253721 300000000 
100 50 30988.484982 287625000 
100 50 30431.516614 300875000 
100 50 30991.288776 294000000 
100 50 29857.018479 288750000 
100 50 30443.953558 287875000 
100 50 30139.002436 299125000 
100 50 30835.612976 283250000 
100 50 31196.212743 294000000 
100 50 31038.709067 289375000 
100 50 30639.367999 280250000 
100 50 30505.818950 288375000 
100 50 30832.978898 293125000 
100 50 31026.646629 298000000 
100 50 31069.344809 294375000 
100 50 30526.919999 283750000 
10 50 31422.144392 200037500 
10 50 30663.598097 190212500 
10 50 31251.359670 196300000 
10 50 30924.683175 188400000 
10 50 30766.073611 187512500 
10 50 31782.911430 195062500 
10 50 31254.381536 192750000 
10 50 30759.380931 193387500 
10 50 31065.243990 192825000 
10 50 31468.625615 188137500 
10 50 30876.167676 192287500 
10 50 30116.552722 197175000 
10 50 31271.205482 196012500 
10 50 31443.764517 188725000 
10 50 30997.395966 194175000 
10 50 31038.688874 192737500 
10 50 30768.257335 201100000 
10 50 31293.056789 197850000 
10 50 30097.080149 184375000 
10 50 30342.823304 187925000 
10 50 30292.320250 193087500 
10 50 30995.428099 200812500 
10 50 31688.532502 188062500 
10 50 30706.250362 195137500 
10 50 30628.562021 209512500 
10 50 30840.487839 196962500 
10 50 30669.795314 194112500 
10 50 31320.341318 192287500 
10 50 31834.926681 197550000 
10 50 30898.643848 191650000 
10 50 31378.515135 199200000 
10 50 31207.807523 203950000 
10 50 31464.320855 191387500 
10 50 31526.069118 195537500 
10 50 31042.872256 190825000 
10 50 31479.705091 204150000 
10 50 31214.368319 191550000 
10 50 31572.652734 190275000 
10 50 30916.532621 191712500 
10 50 30950.700238 191762500 
50 50 30563.898711 256750000 
50 50 30798.666167 263500000 
50 50 30604.254583 261750000 
50 50 30491.195350 261812500 
50 50 31049.994776 260875000 
50 50 30332.805984 263875000 
50 50 30693.502671 264937500 
50 50 30955.478234 259062500 
50 50 30825.904596 259937500 
50 50 30812.292570 247250000 
50 50 30409.312853 264875000 
50 50 30925.422539 254687500 
50 50 31161.197155 270187500 
50 50 31266.041524 263750000 
50 50 30584.649441 259312500 
50 50 30879.974939 265062500 
50 50 30427.705922 260812500 
50 50 30980.544918 262562500 
50 50 30782.808894 252312500 
50 50 31046.477490 256500000 
50 50 30598.556519 261562500 
50 50 30419.045942 266625000 
50 50 31151.922992 263375000 
50 50 30888.684862 258625000 
50 50 31121.121010 269250000 
50 50 31297.325524 254750000 
50 50 30753.455000 255625000 
50 50 30308.072446 259125000 
50 50 31220.561200 266375000 
50 50 31468.818599 251750000 
50 50 31252.022591 260375000 
50 50 30705.069990 260687500 
50 50 30446.757786 268250000 
50 50 30424.492241 252187500 
50 50 30769.930285 262687500 
50 50 31031.350475 255562500 
50 50 30652.165053 253500000 
50 50 31333.671601 264312500 
50 50 30512.340404 269750000 
50 50 30058.807813 263750000 
