Interval E I
100 31149.846532 790582000 
100 31328.933869 799024000 
100 30834.055602 793058000 
100 30549.783719 792714000 
100 30942.296797 784596000 
100 31007.473272 804750000 
100 31247.816423 798548000 
100 30875.946481 805076000 
100 31358.636191 794506000 
100 30222.493870 801308000 
100 31621.163081 787300000 
100 31231.804031 789008000 
100 30874.150976 797686000 
100 31135.597341 789306000 
100 31547.086949 783118000 
100 30343.102282 803842000 
100 31353.014953 793742000 
100 30508.241966 787886000 
100 30852.245269 797176000 
100 30625.733319 794916000 
100 30844.218021 789936000 
100 31340.625097 794850000 
100 30674.790953 790802000 
100 30637.696053 794710000 
100 31488.056556 817094000 
100 30599.958057 810362000 
100 31481.324554 797690000 
100 31072.501362 798836000 
100 30728.373986 800608000 
100 31819.655547 791210000 
100 31863.398651 800534000 
100 30779.349279 800954000 
100 31057.178016 794868000 
100 31280.806437 782122000 
100 30587.791366 791200000 
100 30485.399132 805112000 
100 30928.210416 799468000 
100 30528.902829 801656000 
100 31389.173318 794746000 
100 30841.895119 796866000 
100 30582.251487 793546000 
10 30421.877840 315298800 
10 30681.250387 308518400 
10 31656.301057 310445200 
10 30772.343225 309362600 
10 31986.864735 308388200 
10 30106.505678 307861600 
10 30433.980056 317279400 
10 30947.113194 316725800 
10 32146.789178 312479600 
10 31279.094596 313780800 
10 30779.199371 301082600 
10 30127.581583 313108200 
10 31248.399552 309697200 
10 31585.906549 314805400 
10 30738.338780 322192000 
10 30539.015895 311370600 
10 31374.585711 310758800 
10 30920.271555 313142400 
10 30799.978021 318210400 
10 30814.912528 314895600 
10 31299.313713 303979200 
10 30539.209089 309885200 
10 30063.986676 318453600 
10 31727.024486 313083800 
10 31562.428296 306535200 
10 30548.024612 314393200 
10 31194.997057 316178000 
10 31022.991078 320310200 
10 30915.975335 307775000 
10 30806.950255 319016800 
10 31490.723303 323022200 
10 31020.901008 310478200 
10 31378.620481 315835400 
10 30658.026633 316302600 
10 30975.544928 306705400 
10 30619.627193 317452000 
10 31835.040059 304663600 
10 31705.844961 315287000 
10 30549.752593 311732400 
10 31620.654577 304371200 
10 31439.991176 309731400 
15 31003.416670 370672500 
15 31898.950100 381225000 
15 30933.569536 376086900 
15 31560.874633 372055800 
15 30509.122500 368370300 
15 31546.350242 370015200 
15 31253.870981 377063400 
15 31121.663052 372918600 
15 31140.524892 374451300 
15 30534.316024 370496100 
15 30022.412204 371936700 
15 30720.200356 388575300 
15 31437.160149 372483000 
15 31815.119497 378194400 
15 30468.400016 378323100 
15 30897.494176 365439000 
15 30496.362663 369021000 
15 30991.527969 376368600 
15 30682.183597 387295800 
15 30774.785436 372012600 
15 30955.049793 369400500 
15 30088.328751 376312800 
15 31237.727896 375879900 
15 31449.604091 374069700 
15 30916.075037 369820200 
15 31473.418748 380632200 
15 30396.369728 374803500 
15 30960.514560 376543200 
15 31190.927823 379059000 
15 31202.161861 378198300 
15 31376.667931 376923000 
15 32013.715724 387243000 
15 30618.535517 377500200 
15 29911.249025 373593300 
15 31313.872658 373275600 
15 31017.592571 367448700 
15 30774.935430 377067300 
15 31124.449708 370596000 
15 31193.802963 379620000 
15 31132.415967 365046900 
15 31827.457954 372071400 
17 30713.467369 402107100 
17 31302.608645 403281460 
17 31352.949493 412171780 
17 31166.185841 394980020 
17 30628.211417 394652260 
17 31152.423781 409522160 
17 30816.071087 401810280 
17 31834.688368 402540260 
17 30740.273404 396200620 
17 31627.549615 389052800 
17 31332.418039 395780040 
17 30934.308141 399105580 
17 30910.994174 395188780 
17 30981.178986 382328280 
17 31373.414733 391872080 
17 31853.304483 394529180 
17 31724.301826 398558860 
17 30627.929144 403173000 
17 30302.968766 390929940 
17 30680.639408 393952880 
17 31130.587834 400555340 
17 31419.567072 391196840 
17 31862.989631 407320320 
17 31122.001137 404865180 
17 30983.050598 401888480 
17 31566.150129 398018600 
17 31018.000445 405558780 
17 31542.525616 405962020 
17 30152.912037 400909960 
17 31182.490340 384521960 
17 31453.623938 390452580 
17 31657.128794 390696700 
17 31643.422391 404691780 
17 30500.520293 399664540 
17 31355.590258 398554100 
17 31063.184047 396762980 
17 30771.705770 398050900 
17 31651.510793 405097740 
17 30626.271146 400095320 
17 30213.042043 397861180 
17 31875.973629 402040120 
20 31089.414637 433390800 
20 31288.179223 439970400 
20 30680.426254 427893600 
20 30398.146521 421753600 
20 31281.579911 427744400 
20 31040.391631 432214000 
20 30263.323952 429232400 
20 31171.266216 434462400 
20 31441.142621 436503200 
20 30933.662446 429791600 
20 31245.529764 420570000 
20 32413.922414 435909200 
20 31000.799316 424920400 
20 30668.274675 432230000 
20 32044.203198 417818000 
20 31116.017229 423342000 
20 30954.147108 431932400 
20 30860.862855 435942800 
20 30967.229054 424078800 
20 30899.865875 429438000 
20 31616.730111 437177600 
20 31603.094878 426674800 
20 30675.665425 434648400 
20 31139.012872 428290000 
20 30711.701347 433912800 
20 30940.432988 432966800 
20 30935.174242 425037600 
20 31431.903770 440615200 
20 30880.807598 425515200 
20 31382.675214 432287200 
20 30328.899079 426598800 
20 31652.050274 425334400 
20 30878.137762 434564400 
20 30644.186602 430140800 
20 31489.387953 433827600 
20 30955.773426 431800000 
20 30441.777092 421258000 
20 30691.925567 421908800 
20 31174.604591 432659200 
20 31776.046954 424774000 
20 30638.568261 417004400 
30 30805.752963 511010400 
30 30706.795753 510948600 
30 30775.873873 504897600 
30 31127.669632 508878600 
30 30729.497771 501944400 
30 31490.624523 530297400 
30 30675.038853 506771400 
30 31132.709312 511783200 
30 31101.976119 511768200 
30 30994.229197 520648200 
30 31452.054854 502252800 
30 30612.525232 512157000 
30 31275.221541 518565000 
30 30107.757740 523633800 
30 30610.948943 513124800 
30 31058.561048 510879600 
30 30461.004933 512041200 
30 30591.018202 520759800 
30 30705.516895 509271000 
30 30385.240610 508901400 
30 31047.763075 508321800 
30 31153.647586 512926200 
30 31661.784789 507454200 
30 30862.685266 505086000 
30 31012.001920 509625600 
30 30825.729914 516789600 
30 31034.580059 508803600 
30 31119.708387 533824200 
30 31213.055391 509663400 
30 31277.431506 513527400 
30 30691.646271 519483000 
30 30504.903915 518448600 
30 30728.575490 511360800 
30 30665.810801 525103800 
30 31377.728182 525627000 
30 30705.073250 506330400 
30 30711.630122 506384400 
30 31222.444711 508604400 
30 30416.810021 505160400 
30 30297.334031 514032600 
30 31455.718182 526380600 
40 31129.775459 575460000 
40 30625.139725 574968800 
40 30697.694504 577736000 
40 31314.797450 579751200 
40 31729.422520 575107200 
40 31125.241040 584984000 
40 31641.447329 585058400 
40 30716.070717 586542400 
40 31060.881070 569283200 
40 31118.850939 577844000 
40 31186.034437 589289600 
40 31192.978557 584192800 
40 31178.029410 584550400 
40 31440.291419 587117600 
40 31193.122226 576946400 
40 30413.957104 581590400 
40 31037.484857 563422400 
40 30504.982346 585803200 
40 31884.122225 583423200 
40 31375.173115 574750400 
40 31349.743951 572920000 
40 30685.647196 570506400 
40 31088.440296 579176000 
40 30782.205345 580482400 
40 31241.248669 577608800 
40 30312.955017 586769600 
40 30839.236637 574868000 
40 30728.775059 568606400 
40 30918.867659 586004000 
40 30389.197382 581515200 
40 31258.795529 572020800 
40 31722.438759 581376000 
40 30457.051076 570717600 
40 30241.732869 580100000 
40 30959.726622 571482400 
40 31439.909893 581681600 
40 30796.770021 578915200 
40 31147.243851 584928000 
40 30657.456579 584765600 
40 30713.913806 588900000 
40 30442.830553 580860800 
50 30744.655134 638203000 
50 30496.968144 627745000 
50 30741.775890 623900000 
50 30952.514592 630229000 
50 30550.820491 627950000 
50 31123.266776 636410000 
50 31449.971265 623972000 
50 31217.683779 620327000 
50 30959.145383 621267000 
50 31024.472229 628185000 
50 30811.839000 627972000 
50 31030.087826 623539000 
50 31450.208093 624820000 
50 31266.969632 629036000 
50 30386.011831 633461000 
50 30771.812523 628550000 
50 31156.765328 633693000 
50 29857.043603 625115000 
50 31609.223339 631158000 
50 31472.129169 628176000 
50 31737.313573 641385000 
50 30432.277853 635957000 
50 30732.114108 630377000 
50 30569.223805 628585000 
50 30844.657647 634489000 
50 30562.877606 632225000 
50 30563.527226 636316000 
50 30657.725427 626141000 
50 31055.383925 625655000 
50 31226.680724 617617000 
50 31387.944863 638709000 
50 31013.847864 619436000 
50 31263.660062 639105000 
50 30963.139364 633447000 
50 30827.872585 638208000 
50 30985.315730 639287000 
50 30891.537445 635928000 
50 30445.695983 637675000 
50 31427.082209 621061000 
50 30890.230569 642948000 
50 31390.118228 619924000 
5 31199.321886 238454100 
5 31297.576733 253064100 
5 31743.002076 240611400 
5 31234.141983 236605800 
5 31234.823857 235461300 
5 30571.541120 240980000 
5 31357.617824 248557900 
5 30173.507320 243582400 
5 31640.744275 250553200 
5 31359.309555 235546600 
5 31219.701414 256103700 
5 30558.890762 250881400 
5 30624.496203 235134700 
5 31304.847312 233194500 
5 31069.439237 249705900 
5 31163.616866 242091200 
5 31281.508438 246145200 
5 31170.564822 241192600 
5 31913.824584 234445100 
5 31021.213579 236894200 
5 30591.398370 236661300 
5 31859.386930 243495100 
5 31539.508772 248877400 
5 31580.508071 237626500 
5 30846.396380 243801600 
5 31746.238672 253803300 
5 31697.737373 244810100 
5 32186.721133 235867700 
5 31739.666923 256059200 
5 31003.079671 240833900 
5 30788.201549 236265200 
5 31045.436511 238305100 
5 30884.236033 230721900 
5 31581.028157 234946400 
5 30774.865570 247866300 
5 31347.354593 236858100 
5 31304.893373 241967300 
5 31326.897155 240789000 
5 31212.831189 240162300 
5 31119.168048 234335900 
5 30807.204782 238467100 
