m_0 m_1 E I
10000 10000 433.215620 500105000 
10000 10000 428.871756 500105000 
10000 10000 431.321382 500105000 
10000 10000 430.601272 500105000 
10000 10000 428.871756 500105000 
10000 10000 429.530283 500105000 
10000 10000 434.251657 500105000 
10000 10000 428.871756 500105000 
10000 10000 431.321382 500105000 
10000 10000 428.871756 500105000 
10000 10000 431.237600 500105000 
10000 10000 428.871756 500105000 
10000 10000 429.484081 500105000 
10000 10000 428.871756 500105000 
10000 10000 428.871756 500105000 
10000 10000 428.871756 500105000 
10000 10000 432.482757 500105000 
10000 10000 431.321382 500105000 
10000 10000 432.482757 500105000 
10000 10000 430.445500 500105000 
10000 10000 430.445500 500105000 
10000 10000 429.530283 500105000 
10000 10000 428.871756 500105000 
1000 1000 431.953245 20105000 
1000 1000 434.394966 20105000 
1000 1000 431.170521 20105000 
1000 1000 431.321382 20105000 
1000 1000 431.321382 20105000 
1000 1000 428.871756 20105000 
1000 1000 438.650740 20105000 
1000 1000 432.842894 20105000 
1000 1000 434.729300 20105000 
1000 1000 434.846131 20105000 
1000 1000 428.871756 20105000 
1000 1000 428.871756 20105000 
1000 1000 434.555680 20105000 
1000 1000 435.992785 20105000 
1000 1000 428.981647 20105000 
1000 1000 436.997427 20105000 
1000 1000 429.530283 20105000 
1000 1000 433.900760 20105000 
1000 1000 428.981647 20105000 
1000 1000 432.842894 20105000 
1000 1000 437.663073 20105000 
1000 1000 434.903381 25105000 
1000 1000 434.394966 20105000 
1000 1000 433.585536 20105000 
1000 1000 430.860620 20105000 
1000 1000 431.321382 20105000 
1000 1000 428.981647 20105000 
1000 1000 435.250539 25105000 
1000 1000 428.871756 20105000 
1000 1000 436.960650 20105000 
1000 1000 435.313575 20105000 
1000 1000 431.953245 20105000 
1000 1000 434.570107 20105000 
1000 1000 430.445500 20105000 
1000 1000 437.862384 20105000 
1000 1000 432.583757 20105000 
1000 1000 432.711141 20105000 
1000 1000 428.981647 20105000 
1000 1000 433.268252 20105000 
1000 1000 439.142842 20105000 
100 1000 439.218742 16105000 
100 1000 435.027317 16605000 
100 1000 436.378755 14605000 
100 1000 436.089058 15605000 
100 1000 436.281372 16105000 
100 1000 441.874237 16605000 
100 1000 431.953245 17105000 
100 1000 432.842894 15105000 
100 1000 428.871756 16105000 
100 1000 428.871756 16105000 
100 1000 434.203308 16605000 
100 1000 430.860620 16105000 
100 1000 430.860620 16605000 
100 1000 431.321382 16105000 
100 1000 437.441876 21605000 
100 1000 439.798075 15605000 
100 1000 431.321382 16105000 
100 1000 440.967498 16605000 
100 1000 434.729300 15605000 
100 1000 430.746455 16105000 
100 1000 435.390108 16605000 
100 1000 435.918718 16605000 
100 1000 435.930360 16105000 
100 1000 439.869196 19105000 
100 1000 439.341048 16605000 
100 1000 431.321382 16105000 
100 1000 435.186087 15605000 
100 1000 433.733217 15605000 
100 1000 428.981647 16105000 
100 1000 435.598485 15105000 
100 1000 431.321382 15605000 
100 1000 437.495455 18105000 
100 1000 429.484081 15605000 
100 1000 440.606331 19105000 
100 1000 430.445500 16605000 
100 1000 430.445500 16605000 
100 1000 428.871756 15605000 
100 1000 434.193151 19605000 
100 1000 439.047060 15605000 
100 1000 431.321382 16105000 
10 1000 434.013568 11005000 
10 1000 438.515903 11255000 
10 1000 440.210432 13005000 
10 1000 440.658057 10805000 
10 1000 441.118367 11105000 
10 1000 439.506238 13055000 
10 1000 442.124217 10805000 
10 1000 441.462623 11605000 
10 1000 435.186087 10855000 
10 1000 438.580024 11905000 
10 1000 443.952275 11005000 
10 1000 436.358399 11105000 
10 1000 441.462623 11905000 
10 1000 441.294741 12605000 
10 1000 435.313575 10855000 
10 1000 439.393286 12105000 
10 1000 441.216082 11205000 
10 1000 437.139364 10805000 
10 1000 438.165470 13155000 
10 1000 433.489728 11255000 
10 1000 433.285629 10155000 
10 1000 434.970116 13355000 
10 1000 450.017744 11355000 
10 1000 435.659981 10755000 
10 1000 437.441876 15405000 
10 1000 441.935912 10955000 
10 1000 443.536600 11455000 
10 1000 436.926921 11255000 
10 1000 433.973516 11205000 
10 1000 444.525011 11105000 
10 1000 441.537359 12905000 
10 1000 439.501334 13005000 
10 1000 440.438309 11405000 
10 1000 438.262718 12705000 
10 1000 436.022204 10855000 
10 1000 443.756302 10905000 
10 1000 433.733217 11305000 
10 1000 434.825014 13855000 
10 1000 441.248875 10505000 
10 1000 436.743563 10955000 
1000 100 432.711141 15105000 
1000 100 435.397063 18605000 
1000 100 436.335620 19105000 
1000 100 435.040985 19105000 
1000 100 433.998207 19605000 
1000 100 434.330765 18605000 
1000 100 434.883520 19605000 
1000 100 428.871756 18105000 
1000 100 430.860620 18605000 
1000 100 433.572870 19605000 
1000 100 440.926322 18605000 
1000 100 435.840697 17605000 
1000 100 434.846131 18105000 
1000 100 434.729300 17605000 
1000 100 436.343130 17105000 
1000 100 435.930360 18105000 
1000 100 428.871756 18105000 
1000 100 428.871756 17105000 
1000 100 435.840697 18105000 
1000 100 428.871756 18105000 
1000 100 435.532799 17605000 
1000 100 430.445500 18605000 
1000 100 428.871756 17105000 
1000 100 428.981647 17605000 
1000 100 431.321382 18105000 
1000 100 428.981647 17605000 
1000 100 431.321382 18105000 
1000 100 428.871756 18605000 
1000 100 428.981647 18105000 
1000 100 433.268252 17605000 
1000 100 429.530283 19105000 
1000 100 437.231424 20605000 
1000 100 436.806079 18605000 
1000 100 428.981647 18105000 
1000 100 439.142842 20105000 
1000 100 433.268252 16605000 
1000 100 434.846131 17105000 
1000 100 428.871756 18605000 
1000 100 430.445500 18605000 
1000 100 431.321382 18605000 
100 100 428.981647 15755000 
100 100 436.402155 15905000 
100 100 438.111375 15905000 
100 100 428.981647 14805000 
100 100 435.397063 15455000 
100 100 439.238924 18105000 
100 100 436.402155 15455000 
100 100 431.321382 15405000 
100 100 441.157576 18305000 
100 100 429.530283 15955000 
100 100 432.842894 14155000 
100 100 428.871756 15305000 
100 100 435.698276 15955000 
100 100 437.945582 16555000 
100 100 441.446677 15955000 
100 100 438.201038 15355000 
100 100 438.447117 16405000 
100 100 433.465513 16555000 
100 100 435.918718 16755000 
100 100 436.402155 15955000 
100 100 436.692723 16205000 
100 100 440.141691 18655000 
100 100 435.397063 16255000 
100 100 434.826683 15355000 
100 100 433.465513 16205000 
100 100 435.452832 14605000 
100 100 428.981647 15605000 
100 100 436.676614 16155000 
100 100 436.970806 16255000 
100 100 436.692723 16355000 
100 100 434.624783 15455000 
100 100 436.108506 15805000 
100 100 433.585536 15955000 
100 100 439.256301 17755000 
100 100 440.859874 14805000 
100 100 435.840697 15355000 
100 100 439.354187 16955000 
100 100 434.825014 18405000 
100 100 431.321382 15505000 
100 100 435.840697 15605000 
10 100 445.588029 11845000 
10 100 438.366209 10435000 
10 100 439.130222 10070000 
10 100 438.610411 10890000 
10 100 436.402155 10860000 
10 100 446.082862 13635000 
10 100 435.968710 10900000 
10 100 438.850307 11675000 
10 100 435.218452 10630000 
10 100 431.170521 11265000 
10 100 433.733217 11210000 
10 100 436.378755 10200000 
10 100 433.610311 11410000 
10 100 438.262718 12535000 
10 100 446.614665 10885000 
10 100 440.658057 11075000 
10 100 437.723212 10795000 
10 100 440.632160 11505000 
10 100 438.439046 11580000 
10 100 439.130222 10650000 
10 100 438.217083 11930000 
10 100 441.203111 11585000 
10 100 440.385597 11100000 
10 100 431.421437 10925000 
10 100 441.226986 10770000 
10 100 434.293205 12125000 
10 100 443.446934 11280000 
10 100 442.951931 11020000 
10 100 440.570051 11625000 
10 100 443.988017 11225000 
10 100 441.748854 11175000 
10 100 444.513371 11875000 
10 100 431.421437 10970000 
10 100 438.447117 11360000 
10 100 436.661022 11360000 
10 100 433.465513 11170000 
10 100 437.723212 10935000 
10 100 440.083533 11835000 
10 100 437.251102 10425000 
10 100 440.141691 12460000 
1000 10 436.089329 18405000 
1000 10 431.321382 18305000 
1000 10 435.930360 18305000 
1000 10 434.826683 15255000 
1000 10 433.268252 17105000 
10 10 440.805639 13982500 
10 10 443.242098 11267500 
10 10 433.900760 10876500 
10 10 436.865647 11321500 
10 10 437.358359 11596500 
10 10 439.250524 13129000 
10 10 434.903381 13068500 
10 10 449.597230 11932500 
10 10 442.917378 12611500 
10 10 436.033126 12572500 
10 10 443.084268 11512000 
10 10 442.800141 14998500 
10 10 438.837270 11899000 
10 10 439.387875 12118500 
10 10 436.337282 13834000 
10 10 441.653219 14013000 
10 10 445.726063 11208500 
10 10 443.922666 12813000 
10 10 439.323433 13186000 
10 10 439.559980 11036500 
10 10 434.624783 10662500 
10 10 437.698452 14050500 
10 10 438.264590 11168500 
10 10 442.618677 11369500 
10 10 439.564413 13194000 
10 10 437.971523 12001500 
10 10 439.346247 11672500 
10 10 442.803961 10769000 
10 10 442.166722 11506500 
10 10 438.119370 10746000 
10 10 441.161353 11095000 
10 10 439.882343 13707000 
10 10 438.805463 11241500 
10 10 441.156851 14322000 
10 10 439.359703 11313500 
10 10 441.235993 11105000 
10 10 438.931078 10900500 
10 10 443.748352 11947000 
10 10 439.990347 11387000 
10 10 438.324372 10729000 
