Interval E I
10000 434.820324 89301420 
10000 434.327037 95475170 
10000 429.117939 87943630 
10000 434.826683 88259660 
10000 439.145447 94839610 
10000 433.855804 90571290 
10000 428.871756 89327270 
10000 435.599457 100227070 
10000 435.969049 93125740 
10000 437.359951 96741690 
10000 431.577979 90198620 
10000 428.981647 89123310 
10000 433.998207 92688210 
10000 435.418019 90619380 
10000 431.953245 94313740 
10000 433.999433 92688750 
10000 434.248270 94224160 
10000 433.465513 91748360 
10000 431.823816 91124410 
10000 432.711141 88225150 
10000 433.215620 92305290 
10000 439.166589 90405860 
10000 436.615069 96917310 
10000 434.330765 89340890 
10000 433.988164 98035270 
10000 438.650740 92234710 
10000 428.871756 90690050 
10000 430.445500 91962720 
10000 435.313575 91000170 
10000 436.806079 89378980 
10000 431.953245 92405540 
10000 438.567629 92368130 
10000 436.661039 89259380 
10000 431.421437 91361380 
10000 429.530283 90648230 
10000 442.094439 90654780 
10000 434.826683 92127710 
10000 429.530283 92399480 
10000 434.142119 93383670 
10000 433.585536 90475410 
1000 430.860620 84393900 
1000 433.998207 86487280 
1000 439.125464 87784870 
1000 428.871756 82825460 
1000 438.138680 87539240 
1000 437.698452 94233220 
1000 438.501392 86759120 
1000 435.286845 82029460 
1000 435.465683 83325090 
1000 439.142842 86242820 
1000 430.691683 82588010 
1000 433.604983 83753110 
1000 435.218452 82684600 
1000 435.930360 83599480 
1000 437.287902 84024610 
1000 436.033126 91522960 
1000 437.092010 88721440 
1000 431.421437 82452930 
1000 432.378039 83222890 
1000 430.445500 83850060 
1000 434.193151 97451050 
1000 437.151775 82834410 
1000 428.981647 81705690 
1000 440.777234 86046380 
1000 431.321382 84057670 
1000 437.019678 85255170 
1000 430.890357 84457900 
1000 428.981647 83270070 
1000 433.049494 85115940 
1000 439.333410 81925230 
1000 433.453574 83170540 
1000 431.421437 82927370 
1000 435.840697 84118530 
1000 434.203308 83084170 
1000 434.760502 82417270 
1000 437.363190 82621050 
1000 428.871756 80590100 
1000 433.215620 87351270 
1000 435.086550 84835630 
1000 431.923870 83530540 
100 428.981647 68648460 
100 440.022105 73205980 
100 430.244022 67021130 
100 432.286810 65720060 
100 439.226414 70627220 
100 435.382654 68131540 
100 431.643802 66395070 
100 434.327037 75075970 
100 439.501334 74046150 
100 435.693711 65865490 
100 434.538137 68203860 
100 439.878477 65422060 
100 436.806079 68945130 
100 435.789447 65470120 
100 432.098347 67110970 
100 439.069198 74035350 
100 435.261808 69760190 
100 441.692860 70069280 
100 436.177038 74696080 
100 434.699352 68103320 
100 432.711141 66386450 
100 437.386225 76134960 
100 438.361076 71332090 
100 430.445500 68601000 
100 435.906996 70315750 
100 434.766133 65162190 
100 439.314343 67199680 
100 444.213870 65574970 
100 435.397063 68535080 
100 439.236448 65735680 
100 441.743193 69006060 
100 431.103238 65323900 
100 438.518188 67063960 
100 434.846131 66894820 
100 436.618021 65423000 
100 438.502851 65855090 
100 431.915985 64930730 
100 444.012659 65812390 
100 440.924873 75902080 
100 435.659981 64584060 
10 435.918718 43247980 
10 444.459197 44148730 
10 441.275086 42155960 
10 431.915985 40806700 
10 439.732837 41253460 
10 433.049494 42892380 
10 440.854444 42859570 
10 443.787405 44080390 
10 442.443656 44489780 
10 438.158331 39533070 
10 441.755909 40120360 
10 431.923870 41437780 
10 430.860620 42010590 
10 434.570107 43831000 
10 434.570107 44448660 
10 430.860620 41856160 
10 435.806825 39748760 
10 442.058106 40667500 
10 441.556128 46486670 
10 436.094104 40479460 
10 437.734562 43784260 
10 429.530283 40919270 
10 438.259802 41052720 
10 435.382654 41869590 
10 437.777359 41414060 
10 441.293815 42468170 
10 439.229744 41170380 
10 439.613083 43555360 
10 437.643420 43411760 
10 433.285629 39979040 
10 444.349836 49326660 
10 439.359703 42529200 
10 433.268252 39373460 
10 439.341048 42705860 
10 438.613808 40087770 
10 438.347931 42781800 
10 438.805463 42100670 
10 433.453574 39480680 
10 435.751096 46628560 
10 436.614464 43490770 
5000 429.530283 90935190 
5000 442.149822 92181030 
5000 433.572870 92627410 
5000 442.342287 89060200 
5000 428.871756 90660690 
5000 428.981647 87989310 
5000 431.953245 93113280 
5000 430.445500 86499170 
5000 435.840697 83860100 
5000 434.729300 89052430 
5000 432.122995 90160070 
5000 435.651171 88544820 
5000 437.112356 90443210 
5000 429.484081 88465600 
5000 437.250348 86569020 
5000 432.941007 89148920 
5000 436.661039 87890210 
5000 433.900760 88044130 
5000 431.321382 87893620 
5000 438.655644 90494000 
5000 438.339311 96978400 
5000 433.465513 87451180 
5000 434.825014 96118300 
5000 432.365612 87210900 
5000 434.076610 89511740 
5000 434.756103 89201240 
5000 439.069198 94384530 
5000 437.340042 87339930 
5000 430.860620 89192760 
5000 436.627835 86738650 
5000 428.871756 87737950 
5000 431.026609 90453760 
5000 433.585536 89734060 
5000 434.729300 88141740 
5000 428.871756 89310060 
5000 433.733217 90355080 
5000 433.900760 86743660 
5000 439.125464 90085930 
5000 435.789447 87492890 
5000 432.711141 89004730 
500 441.204092 80889020 
500 428.871756 80239720 
500 441.932899 83555490 
500 436.089058 81244370 
500 434.826683 78778290 
500 435.806825 79049070 
500 431.170521 80176320 
500 438.252160 79244810 
500 437.424576 88646810 
500 431.953245 81612400 
500 440.098176 82561980 
500 429.530283 82694110 
500 436.661039 78065080 
500 433.988164 85573860 
500 431.643802 78147440 
500 434.826683 77685060 
500 428.871756 80018910 
500 436.108506 83453720 
500 430.601272 81627710 
500 433.572870 82906450 
500 437.887150 81260420 
500 431.170521 81710910 
500 439.125464 84285580 
500 440.664761 77855840 
500 434.570107 86630240 
500 431.103238 77326340 
500 433.041061 80085080 
500 432.985190 87953800 
500 431.953245 82957080 
500 435.677359 79610060 
500 436.806079 81042570 
500 435.840697 78299090 
500 439.501790 78431180 
500 429.530283 79994780 
500 436.614464 83759270 
500 431.421437 80695060 
500 434.142119 87883620 
500 436.378755 75691250 
500 434.574076 81265150 
500 428.871756 78260150 
50 446.158697 59081770 
50 438.372777 56742630 
50 440.790443 62441200 
50 428.871756 58512070 
50 436.970806 61499070 
50 437.604542 59316270 
50 436.675440 59466500 
50 439.184261 59637180 
50 438.591029 62060570 
50 441.355488 56263320 
50 432.162168 57582130 
50 439.069198 68211810 
50 429.117939 59378950 
50 440.606984 60033200 
50 436.614464 63138640 
50 436.960650 61098780 
50 438.971476 56722070 
50 437.826710 60414570 
50 438.400896 59620980 
50 439.069198 66671750 
50 436.851774 57252560 
50 446.245161 66323280 
50 441.639033 58831270 
50 441.060450 61202060 
50 440.022105 63036850 
50 439.396113 59312560 
50 437.206045 61280200 
50 435.473960 59160070 
50 434.900015 60043870 
50 440.799379 62874580 
50 440.055619 59501430 
50 440.421505 62786600 
50 438.941705 58721090 
50 432.734637 58654070 
50 442.182557 61035230 
50 436.089329 59990560 
50 443.461767 59029560 
50 437.386225 65696240 
50 439.040072 60097440 
50 434.351711 58318800 
