m_0 m_1 E I
10000 10000 428.981647 500105000 
10000 10000 428.981647 500105000 
10000 10000 428.871756 500105000 
10000 10000 428.871756 500105000 
10000 10000 428.871756 500105000 
10000 10000 428.871756 500105000 
10000 10000 428.981647 500105000 
10000 10000 430.860620 500105000 
10000 10000 428.871756 500105000 
10000 10000 429.484081 500105000 
10000 10000 428.871756 500105000 
10000 10000 428.871756 500105000 
10000 10000 428.871756 500105000 
10000 10000 430.445500 500105000 
10000 10000 430.445500 500105000 
10000 10000 428.981647 500105000 
10000 10000 430.890357 500105000 
10000 10000 429.484081 500105000 
10000 10000 429.530283 500105000 
10000 10000 428.871756 500105000 
10000 10000 428.871756 500105000 
10000 10000 431.321382 500105000 
10000 10000 428.871756 500105000 
10000 10000 428.871756 500105000 
10000 10000 428.871756 500105000 
10000 10000 429.530283 500105000 
10000 10000 428.871756 500105000 
10000 10000 428.871756 500105000 
10000 10000 428.871756 500105000 
10000 10000 430.890357 500105000 
10000 10000 428.871756 500105000 
10000 10000 432.711141 500105000 
10000 10000 432.482757 500105000 
10000 10000 428.871756 500105000 
10000 10000 432.711141 500105000 
10000 10000 432.711141 500105000 
10000 10000 430.860620 500105000 
10000 10000 428.871756 500105000 
10000 10000 430.890357 500105000 
10000 10000 428.871756 500105000 
1000 10000 428.871756 50105000 
1000 10000 431.103238 50105000 
1000 10000 428.871756 50105000 
1000 10000 430.860620 50105000 
1000 10000 428.871756 50105000 
1000 10000 428.981647 50105000 
1000 10000 430.445500 50105000 
1000 10000 431.823816 50105000 
1000 10000 433.733217 50105000 
1000 10000 429.484081 50105000 
1000 10000 432.378039 50105000 
1000 10000 431.170521 50105000 
1000 10000 431.103238 50105000 
1000 10000 430.445500 50105000 
1000 10000 430.244022 50105000 
1000 10000 430.860620 50105000 
1000 10000 428.871756 50105000 
1000 10000 430.244022 50105000 
1000 10000 431.321382 50105000 
1000 10000 430.445500 50105000 
1000 10000 428.871756 50105000 
1000 10000 428.871756 50105000 
1000 10000 428.871756 50105000 
1000 10000 431.026609 50105000 
1000 10000 428.981647 50105000 
1000 10000 428.871756 50105000 
1000 10000 428.981647 50105000 
1000 10000 428.871756 50105000 
1000 10000 431.321382 50105000 
1000 10000 431.103238 50105000 
1000 10000 432.583757 50105000 
1000 10000 431.915985 50105000 
1000 10000 428.871756 50105000 
1000 10000 431.643802 50105000 
1000 10000 428.871756 50105000 
1000 10000 428.981647 50105000 
1000 10000 429.484081 50105000 
1000 10000 428.981647 50105000 
1000 10000 428.871756 50105000 
1000 10000 428.871756 50105000 
100 10000 431.853416 15105000 
100 10000 432.734637 15105000 
100 10000 435.930360 15105000 
100 10000 437.359951 15105000 
100 10000 433.510256 15105000 
100 10000 436.806079 15105000 
100 10000 436.072952 15105000 
100 10000 434.970116 15105000 
100 10000 428.981647 15105000 
100 10000 435.310121 15105000 
100 10000 434.248270 15105000 
100 10000 436.092550 15105000 
100 10000 437.489130 15105000 
100 10000 432.482757 15105000 
100 10000 435.956201 15105000 
100 10000 437.359951 15105000 
100 10000 434.826683 15105000 
100 10000 434.825014 20105000 
100 10000 429.530283 15105000 
100 10000 436.033126 15105000 
100 10000 436.219266 15105000 
100 10000 437.337348 15105000 
100 10000 434.826683 15105000 
100 10000 439.967814 15105000 
100 10000 434.826683 15105000 
100 10000 428.981647 15105000 
100 10000 428.871756 15105000 
100 10000 428.981647 15105000 
100 10000 433.465513 15105000 
100 10000 439.145644 15105000 
100 10000 433.465513 15105000 
100 10000 430.244022 15105000 
100 10000 436.692723 15105000 
100 10000 429.530283 15105000 
100 10000 435.930360 15105000 
100 10000 436.924530 15105000 
100 10000 430.244022 15105000 
100 10000 430.244022 15105000 
100 10000 437.620774 15105000 
100 10000 430.860620 15105000 
10 10000 434.669888 8605000 
10 10000 437.151775 9105000 
10 10000 441.417498 8605000 
10 10000 433.855804 9105000 
10 10000 430.890357 9105000 
10 10000 438.515903 9105000 
10 10000 434.251657 9105000 
10 10000 441.882573 10605000 
10 10000 443.714255 9105000 
10 10000 437.933871 9105000 
10 10000 433.215620 9605000 
10 10000 433.148199 9105000 
10 10000 435.473960 9105000 
10 10000 433.366344 9105000 
10 10000 439.822659 8605000 
10 10000 436.127242 9605000 
10 10000 439.489925 10605000 
10 10000 436.661022 9605000 
10 10000 437.622361 10605000 
10 10000 436.395371 9105000 
10 10000 434.846131 8605000 
10 10000 441.223997 8105000 
10 10000 436.177038 10105000 
10 10000 433.360722 9105000 
10 10000 433.215620 9605000 
10 10000 440.449845 9105000 
10 10000 435.086550 9105000 
10 10000 441.853418 9105000 
10 10000 438.273536 9105000 
10 10000 438.201038 9105000 
10 10000 437.319549 10105000 
10 10000 435.382654 9105000 
10 10000 436.055590 9105000 
10 10000 438.287888 9105000 
10 10000 438.851886 10105000 
10 10000 440.349940 10605000 
10 10000 434.193151 11105000 
10 10000 437.951957 9605000 
10 10000 442.979394 11605000 
10 10000 434.825014 11105000 
10000 1000 431.321382 50105000 
10000 1000 428.981647 50105000 
10000 1000 428.871756 50105000 
10000 1000 428.981647 50105000 
10000 1000 430.445500 50105000 
10000 1000 428.871756 50105000 
10000 1000 428.871756 50105000 
10000 1000 428.981647 50105000 
10000 1000 428.981647 50105000 
10000 1000 428.871756 50105000 
10000 1000 428.871756 50105000 
10000 1000 430.244022 50105000 
10000 1000 428.981647 50105000 
10000 1000 431.170521 50105000 
10000 1000 428.981647 50105000 
10000 1000 428.981647 50105000 
10000 1000 428.871756 50105000 
10000 1000 428.871756 50105000 
10000 1000 433.215620 50105000 
10000 1000 428.981647 50105000 
10000 1000 428.871756 50105000 
10000 1000 432.482757 50105000 
10000 1000 428.871756 50105000 
10000 1000 431.321382 50105000 
10000 1000 430.244022 50105000 
10000 1000 428.871756 50105000 
10000 1000 430.445500 50105000 
10000 1000 430.860620 50105000 
10000 1000 428.871756 50105000 
10000 1000 430.445500 50105000 
10000 1000 428.981647 50105000 
10000 1000 428.871756 50105000 
10000 1000 428.981647 50105000 
10000 1000 430.244022 50105000 
10000 1000 428.871756 50105000 
10000 1000 431.823816 50105000 
10000 1000 428.871756 50105000 
10000 1000 428.871756 50105000 
10000 1000 430.244022 50105000 
10000 1000 428.871756 50105000 
1000 1000 433.268252 15105000 
1000 1000 430.445500 15105000 
1000 1000 431.321382 15105000 
1000 1000 428.871756 15105000 
1000 1000 428.981647 15105000 
1000 1000 430.890357 15105000 
1000 1000 430.445500 15105000 
1000 1000 430.244022 15105000 
1000 1000 431.170521 15105000 
1000 1000 430.601272 15105000 
1000 1000 428.981647 15105000 
1000 1000 428.981647 15105000 
1000 1000 430.244022 15105000 
1000 1000 428.871756 15105000 
1000 1000 428.981647 15105000 
1000 1000 435.250539 20105000 
1000 1000 430.244022 15105000 
1000 1000 436.082281 15105000 
1000 1000 428.981647 15105000 
1000 1000 434.729300 15105000 
1000 1000 428.981647 15105000 
1000 1000 428.871756 15105000 
1000 1000 428.981647 15105000 
1000 1000 430.890357 15105000 
1000 1000 434.203308 15105000 
1000 1000 430.244022 15105000 
1000 1000 429.530283 15105000 
1000 1000 431.321382 15105000 
1000 1000 428.981647 15105000 
1000 1000 428.981647 15105000 
1000 1000 428.981647 15105000 
1000 1000 433.200355 15105000 
1000 1000 428.871756 15105000 
1000 1000 432.711141 15105000 
1000 1000 430.445500 15105000 
1000 1000 435.250539 15105000 
1000 1000 429.530283 15105000 
1000 1000 428.981647 15105000 
1000 1000 428.871756 15105000 
1000 1000 433.585536 15105000 
100 1000 434.826683 12105000 
100 1000 433.733217 13105000 
100 1000 432.482757 15105000 
100 1000 433.200355 12605000 
100 1000 431.853416 15605000 
100 1000 431.853416 15105000 
100 1000 435.930360 12605000 
100 1000 430.445500 12105000 
100 1000 434.729300 13105000 
100 1000 431.237600 13105000 
100 1000 437.229431 12105000 
100 1000 436.661039 12605000 
100 1000 435.918718 13605000 
100 1000 436.072952 13105000 
100 1000 433.790894 13105000 
100 1000 430.860620 13105000 
100 1000 437.359951 15105000 
100 1000 435.086550 13105000 
100 1000 435.789447 12105000 
100 1000 436.362578 13105000 
100 1000 433.604983 13105000 
100 1000 437.663073 13605000 
100 1000 428.871756 13105000 
100 1000 436.044395 14105000 
100 1000 430.860620 13105000 
100 1000 435.930360 12605000 
100 1000 429.530283 13105000 
100 1000 431.170521 13105000 
100 1000 431.321382 13105000 
100 1000 439.506238 15105000 
100 1000 435.465683 13605000 
100 1000 431.321382 12605000 
100 1000 430.860620 13605000 
100 1000 432.842894 12605000 
100 1000 432.583757 13105000 
100 1000 434.825014 15605000 
100 1000 436.089058 13105000 
100 1000 435.832482 14605000 
100 1000 430.445500 12605000 
100 1000 432.583757 13105000 
10 1000 437.723212 8305000 
10 1000 441.247054 9455000 
10 1000 434.729300 8705000 
10 1000 438.111375 8155000 
10 1000 437.525822 8405000 
10 1000 435.313575 8655000 
10 1000 437.386225 10755000 
10 1000 441.793836 9205000 
10 1000 428.871756 8805000 
10 1000 431.170521 8705000 
10 1000 438.655644 8955000 
10 1000 432.482757 10755000 
10 1000 435.918718 9455000 
10 1000 439.396113 8955000 
10 1000 441.690026 9055000 
10 1000 433.215620 9655000 
10 1000 445.055213 12655000 
10 1000 439.476413 8905000 
10 1000 442.155168 8505000 
10 1000 445.055213 12655000 
10 1000 440.649466 11155000 
10 1000 437.951957 9155000 
10 1000 434.624783 8555000 
10 1000 435.286845 8155000 
10 1000 441.448417 11005000 
10 1000 433.975006 9805000 
10 1000 439.359703 8805000 
10 1000 443.783677 9255000 
10 1000 433.148199 8255000 
10 1000 441.278994 9805000 
10 1000 438.347931 9405000 
10 1000 439.436060 8355000 
10 1000 436.402155 8555000 
10 1000 432.734637 8855000 
10 1000 439.238924 10755000 
10 1000 439.449392 8005000 
10 1000 439.967814 9605000 
10 1000 437.513083 8155000 
10 1000 435.751096 10205000 
10 1000 437.495455 10055000 
10000 100 428.871756 15105000 
10000 100 428.981647 15105000 
10000 100 428.981647 15105000 
10000 100 428.981647 15105000 
10000 100 431.103238 15105000 
10000 100 428.981647 15105000 
10000 100 428.871756 15105000 
10000 100 430.445500 20105000 
10000 100 430.244022 20105000 
10000 100 431.321382 15105000 
10000 100 428.871756 15105000 
10000 100 429.530283 20105000 
10000 100 430.445500 15105000 
10000 100 430.860620 15105000 
10000 100 430.860620 20105000 
10000 100 431.953245 15105000 
10000 100 429.530283 15105000 
10000 100 428.871756 15105000 
10000 100 430.244022 15105000 
10000 100 428.981647 15105000 
10000 100 428.871756 15105000 
10000 100 428.871756 15105000 
10000 100 428.981647 15105000 
10000 100 429.530283 15105000 
10000 100 428.871756 15105000 
10000 100 430.445500 15105000 
10000 100 430.445500 15105000 
10000 100 428.871756 15105000 
10000 100 428.871756 15105000 
10000 100 428.981647 15105000 
10000 100 428.981647 15105000 
10000 100 428.871756 15105000 
10000 100 428.981647 15105000 
10000 100 428.981647 15105000 
10000 100 430.445500 15105000 
10000 100 430.445500 15105000 
10000 100 432.122995 15105000 
10000 100 430.445500 20105000 
10000 100 428.981647 15105000 
10000 100 432.482757 15105000 
1000 100 431.953245 14605000 
1000 100 428.981647 14105000 
1000 100 433.268252 13105000 
1000 100 434.327037 16105000 
1000 100 430.445500 14605000 
1000 100 432.583757 14605000 
1000 100 431.953245 15105000 
1000 100 431.321382 14605000 
1000 100 430.445500 14105000 
1000 100 428.981647 14105000 
1000 100 431.321382 14605000 
1000 100 428.981647 14105000 
1000 100 428.871756 14105000 
1000 100 435.397063 14105000 
1000 100 433.973516 13605000 
1000 100 428.871756 14105000 
1000 100 434.829470 16105000 
1000 100 428.981647 14605000 
1000 100 432.098347 14105000 
1000 100 435.930360 14105000 
1000 100 431.953245 15105000 
1000 100 429.530283 14105000 
1000 100 437.084871 13605000 
1000 100 428.981647 13605000 
1000 100 433.572870 14605000 
1000 100 430.445500 14605000 
1000 100 433.572870 15605000 
1000 100 428.981647 14105000 
1000 100 432.711141 12605000 
1000 100 428.981647 14105000 
1000 100 428.871756 13605000 
1000 100 437.719669 14605000 
1000 100 432.842894 13605000 
1000 100 428.871756 14605000 
1000 100 428.871756 13605000 
1000 100 435.840697 13105000 
1000 100 428.981647 13605000 
1000 100 431.321382 14605000 
1000 100 428.981647 14105000 
1000 100 434.570107 14105000 
100 100 436.177038 14705000 
100 100 436.446308 12905000 
100 100 432.842894 11705000 
100 100 434.665848 12605000 
100 100 439.333410 11305000 
100 100 434.462730 13005000 
100 100 434.729300 12705000 
100 100 435.470212 12155000 
100 100 434.142119 13705000 
100 100 434.203308 11355000 
100 100 439.142842 13805000 
100 100 436.362578 12855000 
100 100 435.397063 11705000 
100 100 432.122995 13305000 
100 100 428.871756 12605000 
100 100 433.998207 14005000 
100 100 434.438082 13155000 
100 100 431.321382 12705000 
100 100 433.998207 13305000 
100 100 434.903381 14205000 
100 100 436.661022 14055000 
100 100 439.368201 12005000 
100 100 438.014011 15055000 
100 100 431.823816 12505000 
100 100 435.806825 11755000 
100 100 439.125464 13405000 
100 100 435.918718 13655000 
100 100 428.981647 12655000 
100 100 437.377329 14455000 
100 100 430.244022 12805000 
100 100 434.193151 14855000 
100 100 428.981647 12105000 
100 100 437.151775 10805000 
100 100 439.125464 14055000 
100 100 435.751096 14155000 
100 100 434.825014 15705000 
100 100 437.723212 12055000 
100 100 428.871756 12055000 
100 100 434.826683 11355000 
100 100 436.446078 12005000 
10 100 437.092010 10030000 
10 100 438.980242 9095000 
10 100 434.826683 8195000 
10 100 432.842894 8450000 
10 100 440.474681 8920000 
10 100 438.439046 9245000 
10 100 437.707117 9180000 
10 100 439.921674 9755000 
10 100 437.462075 8980000 
10 100 440.854444 9240000 
10 100 436.362578 8955000 
10 100 442.580907 9630000 
10 100 437.386225 9510000 
10 100 437.035005 9075000 
10 100 437.714117 9080000 
10 100 437.037540 9080000 
10 100 440.590368 9555000 
10 100 438.723937 9275000 
10 100 437.424576 9635000 
10 100 437.662718 8470000 
10 100 438.649290 8250000 
10 100 432.122995 8905000 
10 100 439.794509 9555000 
10 100 439.657710 9135000 
10 100 431.170521 8520000 
10 100 436.661022 9485000 
10 100 434.394966 8090000 
10 100 437.436782 7815000 
10 100 434.142119 9225000 
10 100 435.930360 8580000 
10 100 441.566149 9655000 
10 100 439.142842 9805000 
10 100 436.402155 8335000 
10 100 434.846131 8780000 
10 100 437.479453 8605000 
10 100 435.840697 8485000 
10 100 437.015557 8340000 
10 100 442.404126 9760000 
10 100 438.262718 10735000 
10 100 437.558625 10410000 
10000 10 428.981647 14605000 
10000 10 428.871756 15105000 
10000 10 432.711141 14105000 
10000 10 432.482757 17105000 
10000 10 428.981647 14105000 
10000 10 428.871756 14605000 
10000 10 428.981647 13605000 
10000 10 430.445500 15105000 
10000 10 431.321382 15105000 
10000 10 431.321382 14605000 
10000 10 428.981647 13605000 
10000 10 428.871756 14605000 
10000 10 433.215620 16105000 
10000 10 431.321382 15105000 
10000 10 434.330765 15105000 
10000 10 429.530283 15605000 
10000 10 428.981647 14605000 
10000 10 428.981647 14605000 
10000 10 431.953245 15105000 
10000 10 431.321382 15605000 
10000 10 433.585536 14605000 
10000 10 428.981647 14105000 
10000 10 434.361729 16105000 
10000 10 431.953245 14105000 
10000 10 432.482757 17105000 
10000 10 431.953245 14105000 
10000 10 428.871756 15105000 
10000 10 431.953245 14105000 
10000 10 433.268252 14105000 
10000 10 428.871756 15105000 
10000 10 428.871756 14105000 
10000 10 428.871756 14105000 
10000 10 431.321382 15605000 
10000 10 433.998207 16105000 
10000 10 436.678417 14605000 
10000 10 433.215620 15105000 
10000 10 428.981647 15105000 
10000 10 428.871756 14605000 
10000 10 428.981647 14605000 
10000 10 428.871756 14605000 
1000 10 431.321382 14105000 
1000 10 434.826683 12705000 
1000 10 435.930360 13555000 
1000 10 433.268252 13405000 
1000 10 431.321382 14255000 
1000 10 433.268252 12705000 
1000 10 428.871756 13705000 
1000 10 434.826683 13255000 
1000 10 431.321382 14155000 
1000 10 431.321382 14355000 
1000 10 433.998207 15255000 
1000 10 431.953245 14505000 
1000 10 438.111375 14055000 
1000 10 431.823816 14405000 
1000 10 433.268252 12755000 
1000 10 438.111375 14055000 
1000 10 431.321382 14255000 
1000 10 436.482064 14055000 
1000 10 430.445500 13805000 
1000 10 431.321382 14055000 
1000 10 432.842894 13205000 
1000 10 437.359951 16155000 
1000 10 433.604983 14555000 
1000 10 431.321382 14355000 
1000 10 431.321382 14105000 
1000 10 435.840697 12455000 
1000 10 439.142842 15505000 
1000 10 437.273747 14455000 
1000 10 431.321382 14405000 
1000 10 428.871756 13305000 
1000 10 431.953245 13755000 
1000 10 439.142842 15155000 
1000 10 428.981647 13555000 
1000 10 435.840697 13705000 
1000 10 433.268252 12105000 
1000 10 434.665848 14805000 
1000 10 432.711141 13305000 
1000 10 436.335620 14805000 
1000 10 432.842894 13355000 
1000 10 432.842894 12555000 
100 10 439.341048 13515000 
100 10 434.826683 11180000 
100 10 434.203308 10735000 
100 10 439.396113 13705000 
100 10 436.859933 17315000 
100 10 434.203308 12840000 
100 10 435.300924 12625000 
100 10 433.268252 12110000 
100 10 439.207389 15350000 
100 10 437.698452 15110000 
100 10 436.692723 13465000 
100 10 439.657710 13430000 
100 10 439.396113 13285000 
100 10 432.482757 15015000 
100 10 439.354187 13890000 
100 10 437.933871 12425000 
100 10 431.953245 13130000 
100 10 434.624783 12110000 
100 10 437.132834 13360000 
100 10 440.559569 11745000 
100 10 439.207389 15030000 
100 10 434.825014 15510000 
100 10 435.086550 12940000 
100 10 437.723212 12680000 
100 10 439.966571 11960000 
100 10 436.089329 13165000 
100 10 436.402155 12720000 
100 10 440.028231 14215000 
100 10 442.187462 11885000 
100 10 438.201038 12355000 
100 10 439.798075 12140000 
100 10 433.268252 11960000 
100 10 436.335620 13145000 
100 10 433.998207 14035000 
100 10 432.842894 12240000 
100 10 441.195195 12800000 
100 10 437.525822 13460000 
100 10 435.840697 11775000 
100 10 430.445500 12785000 
100 10 435.313575 13110000 
10 10 438.547273 9088000 
10 10 431.421437 8843000 
10 10 437.723212 8260000 
10 10 438.515903 9096000 
10 10 435.751096 10546500 
10 10 439.515072 10929500 
10 10 437.532136 8889500 
10 10 437.015557 8814500 
10 10 440.494149 9325000 
10 10 440.700183 9229000 
10 10 431.853416 10845500 
10 10 437.372360 8803000 
10 10 442.226415 9512500 
10 10 434.555680 9616500 
10 10 439.793558 8665000 
10 10 437.015557 9202500 
10 10 450.003422 13319500 
10 10 443.721566 9983000 
10 10 434.555680 9121000 
10 10 440.397591 11705500 
10 10 440.141691 10904000 
10 10 440.141691 10504000 
10 10 433.049494 9650000 
10 10 442.414048 9659000 
10 10 438.813772 9399000 
10 10 438.478552 9245500 
10 10 443.903043 11230500 
10 10 433.285629 8166500 
10 10 436.067948 9421500 
10 10 444.043931 9193000 
10 10 440.753791 8443500 
10 10 432.378039 9351500 
10 10 445.140808 8587500 
10 10 428.981647 7699500 
10 10 433.732389 10718000 
10 10 438.441292 8756500 
10 10 439.967814 9177500 
10 10 444.593472 8306000 
10 10 456.422876 11200000 
10 10 437.273747 8161000 
