Interval E I
10000 436.676614 48763760 
10000 432.842894 46999435 
10000 430.244022 48730280 
10000 441.191089 48703785 
10000 434.604347 50766920 
10000 435.313575 49511185 
10000 430.445500 48319290 
10000 435.809081 49401935 
10000 434.361729 50804560 
10000 436.605637 48086035 
10000 428.871756 49262000 
10000 434.604347 51670225 
10000 428.981647 48380835 
10000 433.572870 50884230 
10000 434.248270 50426755 
10000 432.842894 48349795 
10000 432.583757 50037655 
10000 433.585536 48446415 
10000 433.268252 47845865 
10000 436.188307 49776425 
10000 434.248270 49966700 
10000 428.871756 49238840 
10000 431.321382 48563135 
10000 434.903381 51469130 
10000 431.421437 48473435 
10000 432.842894 47699335 
10000 432.842894 48207710 
10000 439.359703 47885475 
10000 436.970806 46841425 
10000 432.985190 51382170 
10000 432.711141 49026920 
10000 432.842894 48489885 
10000 439.142842 51047065 
10000 438.339311 50906735 
10000 432.583757 49495945 
10000 435.840697 48062115 
10000 428.871756 48357685 
10000 430.445500 48064120 
10000 431.953245 48304760 
10000 438.974942 50026970 
1000 433.988164 47472965 
1000 435.751096 46700030 
1000 434.327037 47603610 
1000 428.871756 44830125 
1000 434.012690 43494150 
1000 434.727888 45636175 
1000 434.729300 43574420 
1000 431.953245 44847325 
1000 430.890357 43544845 
1000 439.890308 45212805 
1000 428.871756 44614650 
1000 433.465513 44495885 
1000 428.981647 44307180 
1000 428.871756 42985230 
1000 442.352375 43570355 
1000 434.263213 43358795 
1000 434.570107 45449745 
1000 434.665848 44667495 
1000 441.004437 45655035 
1000 441.404065 48130650 
1000 432.842894 43494980 
1000 436.386577 43550470 
1000 433.998207 46404380 
1000 431.853416 48961655 
1000 430.860620 43501975 
1000 433.489728 43910525 
1000 429.530283 43628790 
1000 428.981647 43678705 
1000 434.203308 42740030 
1000 433.086191 44178655 
1000 436.778588 43445870 
1000 436.189731 46608505 
1000 433.510256 45806410 
1000 428.871756 43363080 
1000 434.248270 44655390 
1000 430.601272 43907815 
1000 436.517959 43172500 
1000 441.792579 47160200 
1000 434.624783 43451775 
1000 440.743966 46658210 
100 440.229961 32929550 
100 439.904678 32795205 
100 431.853416 35097350 
100 432.583757 31417530 
100 428.981647 31603420 
100 439.446384 31231240 
100 436.446308 32098090 
100 435.598485 31156745 
100 435.698276 31965535 
100 436.378755 30802975 
100 437.600740 32293680 
100 433.215620 32409545 
100 448.128751 35153030 
100 439.317247 32937730 
100 442.230659 32230905 
100 438.843813 32343530 
100 432.365612 31901040 
100 434.203308 31793045 
100 437.777697 30814545 
100 433.453574 32005530 
100 432.722862 31505055 
100 439.415769 34675500 
100 439.377275 33347595 
100 436.092550 33837050 
100 448.200692 31234035 
100 434.825014 36621535 
100 434.462730 31985530 
100 438.234766 32614030 
100 441.278994 31407630 
100 445.412527 31504575 
100 435.598485 30856035 
100 439.006458 33797030 
100 435.700084 31815055 
100 442.320974 30262535 
100 440.843240 33097670 
100 438.591029 32493035 
100 428.871756 32245395 
100 436.704815 31395730 
100 436.675440 30954530 
100 441.730311 31553650 
10 451.473173 17958885 
10 441.867562 17798430 
10 444.061180 18066035 
10 442.427122 18430035 
10 433.292112 17578490 
10 444.123655 17414630 
10 442.075367 18060595 
10 439.798075 17763400 
10 442.262185 17493235 
10 437.963212 17575430 
10 447.825378 17943995 
10 443.280214 21197990 
10 441.875756 17093585 
10 448.486537 18080390 
10 440.784502 20592950 
10 438.655644 18305345 
10 437.780449 17088935 
10 438.201038 17726250 
10 444.367747 18016350 
10 442.822181 18237540 
10 433.998207 18834785 
10 437.504103 18437440 
10 442.020580 17768750 
10 440.954025 19641095 
10 440.896335 17727035 
10 442.403379 19237530 
10 439.794509 18668930 
10 437.021870 17648780 
10 442.168393 20081140 
10 446.480035 18041985 
10 445.452511 18379680 
10 440.432168 18031350 
10 445.447691 19561035 
10 438.760911 18416945 
10 442.351594 18626130 
10 435.956201 18601185 
10 437.495455 20756630 
10 446.457366 18121585 
10 442.542011 17564080 
10 442.244413 18256880 
5000 432.842894 48052775 
5000 439.125464 49133190 
5000 439.125464 49479435 
5000 431.643802 48370725 
5000 432.482757 50427160 
5000 428.981647 47710940 
5000 432.122995 47770955 
5000 428.981647 46774225 
5000 433.585536 47722255 
5000 428.871756 48378865 
5000 432.711141 47142030 
5000 431.321382 46017555 
5000 434.756103 48591530 
5000 428.981647 47854310 
5000 428.871756 46995875 
5000 429.484081 46680610 
5000 438.144990 45127915 
5000 432.711141 47400975 
5000 433.604983 49327700 
5000 434.327037 50804305 
5000 434.846131 46767195 
5000 436.806079 47225590 
5000 428.981647 48021745 
5000 436.339496 45936620 
5000 433.585536 47576455 
5000 437.558625 49959195 
5000 434.248270 48278285 
5000 436.402155 48597485 
5000 440.329439 46963740 
5000 434.846131 47562130 
5000 428.981647 47268205 
5000 434.825014 53067490 
5000 435.343262 46995035 
5000 438.274052 50677540 
5000 435.822989 48126655 
5000 433.572870 48815285 
5000 438.916513 48990470 
5000 428.981647 47518950 
5000 433.268252 46885465 
5000 437.777697 46722190 
500 438.201038 40721890 
500 433.988164 43500470 
500 438.613808 39347380 
500 434.562784 41850490 
500 439.236230 43932535 
500 438.650740 42234455 
500 432.098347 40293210 
500 443.946309 41557530 
500 433.572870 42886510 
500 439.236230 44520205 
500 442.077923 45195355 
500 432.842894 39385035 
500 434.825014 46034715 
500 436.446078 40695585 
500 438.131636 43192775 
500 433.604983 42186050 
500 438.716205 41280080 
500 432.842894 40796140 
500 432.842894 41920440 
500 429.530283 42703205 
500 437.462075 41905035 
500 437.171185 42390030 
500 444.331487 40275035 
500 430.860620 41882025 
500 431.103238 41188375 
500 431.321382 41494960 
500 437.933871 41214095 
500 439.902752 42592620 
500 428.871756 41943210 
500 433.900760 41540090 
500 439.125464 42927220 
500 438.655644 41742535 
500 429.484081 40662540 
500 433.585536 40482530 
500 437.250348 40537155 
500 436.859933 48693900 
500 439.685121 42191170 
500 437.489130 40600035 
500 440.167304 43906125 
500 435.470212 40495795 
50 438.230489 24808280 
50 438.228686 26161530 
50 436.675440 26480455 
50 440.989810 27333050 
50 434.883520 28266480 
50 438.637434 24877290 
50 433.268252 25358030 
50 438.650740 27236540 
50 432.482757 29456120 
50 451.296636 28743295 
50 442.509479 27773280 
50 439.693113 26275310 
50 441.947574 26806800 
50 441.334945 26359160 
50 436.206010 29469595 
50 445.088843 27436560 
50 446.054038 27547540 
50 439.142842 28476825 
50 451.131392 30129825 
50 438.555449 27645280 
50 444.378678 28609590 
50 433.610311 26758940 
50 443.723330 28481085 
50 437.734562 27794240 
50 443.758003 27546530 
50 439.672478 26348710 
50 441.684596 24805780 
50 430.445500 26843785 
50 430.445500 26614530 
50 428.981647 26950320 
50 440.722786 27612150 
50 430.244022 26892530 
50 444.325718 29919730 
50 435.906996 26705035 
50 437.251102 26581040 
50 436.335620 27567530 
50 444.661529 27679085 
50 443.588052 26165840 
50 437.151775 26184305 
50 433.453574 26706805 
