m_0 m_1 E I
10000 10000 432.355849 705182704 
10000 10000 430.445500 705182704 
10000 10000 431.953245 705182704 
10000 10000 434.248270 705182704 
10000 10000 428.981647 705182704 
10000 10000 429.530283 705182704 
10000 10000 428.981647 705182704 
10000 10000 433.734773 705182704 
10000 10000 429.484081 705182704 
10000 10000 432.365612 705182704 
10000 10000 431.915985 705182704 
10000 10000 428.871756 705182704 
10000 10000 428.981647 705182704 
10000 10000 432.482757 705182704 
10000 10000 434.846131 705182704 
10000 10000 430.860620 705182704 
10000 10000 431.823816 705182704 
10000 10000 428.871756 705182704 
10000 10000 428.981647 705182704 
10000 10000 428.871756 705182704 
10000 10000 432.122995 705182704 
10000 10000 428.871756 705182704 
10000 10000 430.445500 705182704 
10000 10000 429.117939 705182704 
10000 10000 428.871756 705182704 
10000 10000 431.170521 705182704 
10000 10000 431.823816 705182704 
10000 10000 433.465513 705182704 
10000 10000 428.981647 705182704 
10000 10000 428.871756 705182704 
10000 10000 432.583757 705182704 
10000 10000 431.321382 705182704 
10000 10000 429.484081 705182704 
10000 10000 430.890357 705182704 
10000 10000 432.624221 705182704 
10000 10000 435.090356 705182704 
10000 10000 428.981647 705182704 
10000 10000 428.871756 705182704 
10000 10000 431.853416 705182704 
10000 10000 428.981647 705182704 
1000 10000 429.117939 500150000 
1000 10000 428.871756 500150000 
1000 10000 428.871756 500150000 
1000 10000 428.871756 500150000 
1000 10000 432.355849 500150000 
1000 10000 428.871756 500150000 
1000 10000 428.981647 500150000 
1000 10000 429.530283 500150000 
1000 10000 431.170521 500150000 
1000 10000 431.953245 500150000 
1000 10000 429.530283 500150000 
1000 10000 428.871756 500150000 
1000 10000 430.445500 500150000 
1000 10000 431.643802 500150000 
1000 10000 428.981647 500150000 
1000 10000 431.170521 500150000 
1000 10000 428.871756 500150000 
1000 10000 429.484081 500150000 
1000 10000 429.484081 500150000 
1000 10000 430.860620 500150000 
1000 10000 431.026609 500150000 
1000 10000 430.445500 500150000 
1000 10000 428.871756 500150000 
1000 10000 430.244022 500150000 
1000 10000 430.601272 500150000 
1000 10000 428.871756 500150000 
1000 10000 431.026609 500150000 
1000 10000 428.981647 500150000 
1000 10000 431.170521 500150000 
1000 10000 428.981647 500150000 
1000 10000 428.871756 500150000 
1000 10000 434.112101 500150000 
1000 10000 429.484081 500150000 
1000 10000 428.871756 500150000 
1000 10000 428.981647 500150000 
1000 10000 428.871756 500150000 
1000 10000 431.915985 500150000 
1000 10000 430.860620 500150000 
1000 10000 431.529042 500150000 
1000 10000 428.981647 500150000 
100 10000 437.627266 100150000 
100 10000 428.871756 150150000 
100 10000 428.981647 150150000 
100 10000 430.445500 150150000 
100 10000 433.302912 100150000 
100 10000 428.871756 100150000 
100 10000 432.162168 100150000 
100 10000 430.890357 150150000 
100 10000 428.871756 150150000 
100 10000 434.361729 150150000 
100 10000 428.981647 100150000 
100 10000 428.871756 150150000 
100 10000 428.981647 100150000 
100 10000 432.583757 150150000 
100 10000 432.482757 150150000 
100 10000 428.871756 150150000 
100 10000 433.572870 100150000 
100 10000 432.482757 150150000 
100 10000 430.445500 150150000 
100 10000 437.917973 100150000 
100 10000 430.860620 150150000 
100 10000 428.981647 100150000 
100 10000 435.677359 100150000 
100 10000 428.871756 150150000 
100 10000 429.530283 150150000 
100 10000 432.098347 100150000 
100 10000 428.981647 100150000 
100 10000 433.988164 150150000 
100 10000 428.871756 150150000 
100 10000 429.737129 100150000 
100 10000 433.453574 150150000 
100 10000 436.676614 150150000 
100 10000 428.981647 150150000 
100 10000 435.144911 150150000 
100 10000 435.397063 100150000 
100 10000 433.465513 100150000 
100 10000 431.321382 100150000 
100 10000 433.510256 100150000 
100 10000 430.244022 150150000 
100 10000 431.170521 150150000 
10 10000 430.244022 115150000 
10 10000 436.127242 120150000 
10 10000 428.871756 105150000 
10 10000 434.826683 95150000 
10 10000 431.170521 115150000 
10 10000 432.941007 110150000 
10 10000 431.953245 120150000 
10 10000 430.890357 90150000 
10 10000 434.834505 105150000 
10 10000 435.144911 130150000 
10 10000 431.953245 110150000 
10 10000 434.248270 125150000 
10 10000 431.170521 110150000 
10 10000 428.871756 85150000 
10 10000 428.981647 100150000 
10 10000 436.661039 105150000 
10 10000 431.109395 95150000 
10 10000 436.089329 110150000 
10 10000 429.484081 90150000 
10 10000 435.397063 110150000 
10 10000 429.484081 105150000 
10 10000 439.627448 105150000 
10 10000 430.860620 115150000 
10 10000 432.985190 135150000 
10 10000 431.103238 100150000 
10 10000 432.985190 135150000 
10 10000 432.482757 135150000 
10 10000 431.237600 105150000 
10 10000 435.806825 100150000 
10 10000 428.871756 105150000 
10 10000 439.699694 110150000 
10 10000 435.382654 100150000 
10 10000 431.421437 105150000 
10 10000 429.484081 105150000 
10 10000 436.989191 135150000 
10 10000 428.871756 110150000 
10 10000 428.871756 110150000 
10 10000 431.321382 110150000 
10 10000 432.482757 135150000 
10 10000 431.915985 95150000 
10000 1000 428.871756 500150000 
10000 1000 428.871756 500150000 
10000 1000 431.321382 500150000 
10000 1000 433.292112 500150000 
10000 1000 431.823816 500150000 
10000 1000 433.510256 500150000 
10000 1000 428.871756 500150000 
10000 1000 431.953245 500150000 
10000 1000 430.860620 500150000 
10000 1000 428.871756 500150000 
10000 1000 428.871756 500150000 
10000 1000 429.484081 500150000 
10000 1000 428.871756 500150000 
10000 1000 430.601272 500150000 
10000 1000 430.445500 500150000 
10000 1000 430.445500 500150000 
10000 1000 432.842894 500150000 
10000 1000 429.530283 500150000 
10000 1000 429.530283 500150000 
10000 1000 430.746455 500150000 
10000 1000 428.981647 500150000 
10000 1000 428.981647 500150000 
10000 1000 429.530283 500150000 
10000 1000 432.480244 500150000 
10000 1000 430.746455 500150000 
10000 1000 428.981647 500150000 
10000 1000 431.911921 500150000 
10000 1000 430.244022 500150000 
10000 1000 428.981647 500150000 
10000 1000 430.746455 500150000 
10000 1000 428.871756 500150000 
10000 1000 428.981647 500150000 
10000 1000 431.026609 500150000 
10000 1000 431.915985 500150000 
10000 1000 433.453574 500150000 
10000 1000 428.871756 500150000 
10000 1000 428.871756 500150000 
10000 1000 428.981647 500150000 
10000 1000 430.601272 500150000 
10000 1000 428.871756 500150000 
1000 1000 433.268252 100150000 
1000 1000 430.445500 150150000 
1000 1000 428.871756 150150000 
1000 1000 433.285629 150150000 
1000 1000 433.215620 150150000 
1000 1000 428.871756 150150000 
1000 1000 435.751096 150150000 
1000 1000 428.871756 100150000 
1000 1000 430.244022 100150000 
1000 1000 429.484081 150150000 
1000 1000 436.072952 100150000 
1000 1000 433.453574 150150000 
1000 1000 431.354756 100150000 
1000 1000 428.871756 150150000 
1000 1000 431.170521 100150000 
1000 1000 428.871756 150150000 
1000 1000 428.871756 100150000 
1000 1000 432.482757 100150000 
1000 1000 431.103238 100150000 
1000 1000 431.321382 150150000 
1000 1000 431.421437 100150000 
1000 1000 428.981647 150150000 
1000 1000 433.511135 150150000 
1000 1000 431.103238 150150000 
1000 1000 428.981647 150150000 
1000 1000 428.871756 150150000 
1000 1000 428.871756 150150000 
1000 1000 429.484081 100150000 
1000 1000 428.981647 150150000 
1000 1000 431.823816 100150000 
1000 1000 428.871756 150150000 
1000 1000 430.349453 100150000 
1000 1000 431.321382 100150000 
1000 1000 435.832482 150150000 
1000 1000 429.117939 100150000 
1000 1000 431.026609 150150000 
1000 1000 431.321382 150150000 
1000 1000 428.871756 150150000 
1000 1000 430.860620 150150000 
1000 1000 431.321382 150150000 
100 1000 433.943022 105150000 
100 1000 433.442973 115150000 
100 1000 432.482757 135150000 
100 1000 430.860620 125150000 
100 1000 428.871756 110150000 
100 1000 428.871756 100150000 
100 1000 429.530283 125150000 
100 1000 428.871756 105150000 
100 1000 435.161008 115150000 
100 1000 432.122995 125150000 
100 1000 433.215620 125150000 
100 1000 432.482757 135150000 
100 1000 428.981647 110150000 
100 1000 433.900760 100150000 
100 1000 428.981647 105150000 
100 1000 430.445500 125150000 
100 1000 435.832482 135150000 
100 1000 428.981647 95150000 
100 1000 434.729300 115150000 
100 1000 431.953245 115150000 
100 1000 436.206010 145150000 
100 1000 433.086191 115150000 
100 1000 428.981647 115150000 
100 1000 436.694581 125150000 
100 1000 433.215620 125150000 
100 1000 430.445500 125150000 
100 1000 434.997148 90150000 
100 1000 434.974717 90150000 
100 1000 430.244022 120150000 
100 1000 429.530283 110150000 
100 1000 429.484081 80150000 
100 1000 428.981647 105150000 
100 1000 436.448627 135150000 
100 1000 429.530283 120150000 
100 1000 428.981647 110150000 
100 1000 434.248270 130150000 
100 1000 428.871756 115150000 
100 1000 430.244022 120150000 
100 1000 431.823816 100150000 
100 1000 428.981647 110150000 
10 1000 430.445500 107650000 
10 1000 430.244022 113150000 
10 1000 429.530283 112650000 
10 1000 431.823816 102150000 
10 1000 436.055590 108650000 
10 1000 434.330765 112150000 
10 1000 428.981647 104150000 
10 1000 430.890357 99650000 
10 1000 428.981647 102650000 
10 1000 428.981647 106150000 
10 1000 428.981647 100650000 
10 1000 429.530283 113650000 
10 1000 434.263213 96650000 
10 1000 437.112356 109150000 
10 1000 433.543027 103650000 
10 1000 438.111375 86150000 
10 1000 437.378425 107150000 
10 1000 431.321382 105150000 
10 1000 431.321382 110650000 
10 1000 436.371838 107150000 
10 1000 430.445500 111650000 
10 1000 428.981647 105150000 
10 1000 428.981647 100150000 
10 1000 433.215620 95150000 
10 1000 434.330765 101150000 
10 1000 432.583757 107650000 
10 1000 428.871756 100150000 
10 1000 430.244022 107650000 
