Interval E I
10000 428.981647 147504860 
10000 436.236643 145758180 
10000 434.970116 172743900 
10000 432.502180 144353180 
10000 439.685121 151481080 
10000 434.361729 167219900 
10000 435.719517 152867400 
10000 432.842894 149853000 
10000 428.871756 151626580 
10000 429.530283 157557320 
10000 432.842894 146418920 
10000 439.065773 153748500 
10000 438.138680 160666760 
10000 433.572870 161893940 
10000 437.462075 151904320 
10000 438.234783 152618280 
10000 428.871756 150095320 
10000 437.303168 160805580 
10000 431.953245 152872020 
10000 437.495455 159820560 
10000 431.170521 154469620 
10000 435.654387 156769260 
10000 430.244022 154317880 
10000 429.484081 148706900 
10000 431.953245 159158460 
10000 435.781813 152963660 
10000 437.826710 144657960 
10000 435.510475 160752060 
10000 428.981647 150605480 
10000 441.004437 156128740 
10000 438.274052 166886040 
10000 436.072952 153408620 
10000 428.871756 156185900 
10000 435.930360 152230800 
10000 430.890357 160982240 
10000 435.397063 153325860 
10000 431.953245 152861200 
10000 437.879762 165626360 
10000 436.048184 161606000 
10000 437.359951 166810360 
1000 433.998207 155035320 
1000 431.853416 160094700 
1000 437.015557 148515460 
1000 439.247627 148639860 
1000 428.981647 144370640 
1000 432.842894 141466560 
1000 439.904678 145576540 
1000 436.371838 144389520 
1000 430.890357 146582060 
1000 433.215620 152394220 
1000 437.519551 148153460 
1000 434.695585 165119680 
1000 438.401738 143907460 
1000 435.161008 145340160 
1000 431.421437 147007260 
1000 429.117939 142386860 
1000 436.605637 140454160 
1000 438.998319 163233560 
1000 438.234766 153062860 
1000 439.069198 160181840 
1000 434.624783 138661060 
1000 439.362150 157210440 
1000 433.604983 150059620 
1000 440.149068 142691260 
1000 435.840697 142980560 
1000 436.675440 147935960 
1000 433.543027 141049920 
1000 438.234409 144404860 
1000 429.484081 145102960 
1000 434.461819 153380440 
1000 441.767808 148308660 
1000 432.122995 149247120 
1000 438.133049 145315120 
1000 434.829470 161538760 
1000 433.285629 133998760 
1000 443.883983 142640880 
1000 428.871756 145047860 
1000 436.089058 145844620 
1000 434.248270 149075260 
1000 428.981647 142715140 
100 431.103238 128214120 
100 435.793908 119351300 
100 432.482757 146100340 
100 432.378039 132730380 
100 436.676614 124615020 
100 441.697973 127310400 
100 438.976784 124084820 
100 442.090199 135653740 
100 440.257012 129336120 
100 431.643802 127456600 
100 438.400896 129956120 
100 441.541864 122148340 
100 440.413570 124508640 
100 439.142842 138800260 
100 439.548182 127914600 
100 433.465513 131670920 
100 452.366164 129861960 
100 428.871756 128718340 
100 432.098347 122397580 
100 432.711141 124716140 
100 434.570107 139553720 
100 433.604983 132656120 
100 440.626663 127037120 
100 434.235650 128845080 
100 428.981647 123872600 
100 433.300410 127202620 
100 432.365612 128284340 
100 441.313616 123370420 
100 442.533257 133519460 
100 434.570107 142822640 
100 437.777697 119073420 
100 435.954266 130323840 
100 431.421437 127538120 
100 442.576493 122475420 
100 428.871756 131670200 
100 440.476651 145515220 
100 433.522774 124607040 
100 433.572870 135390460 
100 443.254319 118846200 
100 435.300924 129451500 
10 435.906996 94982260 
10 440.545710 101979800 
10 435.313575 93197980 
10 442.511249 95297540 
10 440.234719 93249140 
10 446.551317 93587520 
10 428.981647 91978540 
10 444.500097 97490480 
10 436.322118 88418720 
10 436.590599 105440300 
10 446.714144 89864360 
10 438.250191 89423520 
10 437.127282 87326320 
10 432.122995 96303220 
10 447.526574 91870920 
10 443.148491 92167400 
10 441.950441 105356360 
10 428.981647 92847080 
10 429.737129 91232740 
10 440.073647 92581960 
10 441.761315 107184920 
10 435.018004 105872920 
10 435.040985 98271320 
10 438.164437 93610740 
10 440.323779 91359560 
10 436.295594 92027340 
10 440.867620 92542520 
10 434.903381 101447380 
10 437.209427 92419420 
10 442.149822 94747320 
10 439.195342 89362580 
10 441.782460 92128120 
10 439.890308 95613720 
10 435.956201 96278340 
10 441.752156 89114840 
10 439.225587 91380120 
10 439.909309 112666540 
10 434.903381 98859540 
10 436.262436 91191980 
10 437.019678 94440520 
5000 436.111038 153915240 
5000 437.041719 151033260 
5000 435.144911 168763960 
5000 433.585536 150916020 
5000 434.606921 150561340 
5000 435.062597 153112180 
5000 428.871756 150447580 
5000 430.860620 153189500 
5000 439.454293 150170140 
5000 438.725518 153147720 
5000 435.343262 147796320 
5000 435.086550 149273760 
5000 438.299915 155565920 
5000 435.473960 150582260 
5000 441.514369 155112040 
5000 429.484081 146512700 
5000 431.170521 146463760 
5000 437.809332 152633360 
5000 438.250191 139557880 
5000 429.847020 144693360 
5000 428.981647 150659740 
5000 437.780449 147451700 
5000 428.871756 149511300 
5000 431.103238 144078240 
5000 433.215620 157979820 
5000 429.530283 151711660 
5000 438.725518 150893140 
5000 428.981647 150934860 
5000 430.445500 154794560 
5000 436.877311 169973780 
5000 428.871756 147933060 
5000 435.956201 151520080 
5000 437.377329 169825100 
5000 434.604347 166816340 
5000 434.826683 146921960 
5000 435.889933 141497360 
5000 436.284247 149452560 
5000 440.218284 174820400 
5000 430.445500 147211140 
5000 434.394966 149031340 
500 437.229859 147248160 
500 431.923870 137688920 
500 434.903381 156605180 
500 433.710702 149713060 
500 438.148816 141985860 
500 438.470967 154986660 
500 438.524494 150260260 
500 440.539799 140683620 
500 435.137608 137537880 
500 431.103705 142822840 
500 434.838888 135082380 
500 439.646013 137227720 
500 435.956201 149626240 
500 431.421437 141509920 
500 429.929622 141344400 
500 437.501448 146328140 
500 431.237600 144719300 
500 431.953245 150514900 
500 445.416438 138911840 
500 429.484081 139197500 
500 438.296168 157545280 
500 428.871756 144471280 
500 432.842894 135941940 
500 438.843813 145201060 
500 439.193213 147012260 
500 436.594983 151546780 
500 428.871756 140670720 
500 436.194232 141799580 
500 435.300924 141288300 
500 428.981647 138579720 
500 436.089058 137144180 
500 433.366344 142054440 
500 439.226414 151391440 
500 438.723579 146122880 
500 430.890357 147283700 
500 437.112356 141281500 
500 435.752857 152217520 
500 439.794509 142238360 
500 430.445500 145170380 
500 439.601044 140189640 
50 431.853416 128678240 
50 435.751096 133991880 
50 441.781911 111787660 
50 440.271588 116146980 
50 437.776405 120755020 
50 440.536137 128541940 
50 442.390947 124771240 
50 439.062052 118630340 
50 440.529713 119413660 
50 430.244022 119880740 
50 436.960650 116279440 
50 434.318947 120636440 
50 441.498855 127734140 
50 438.782920 113246260 
50 444.213870 117550120 
50 436.089329 116425600 
50 435.789447 114817120 
50 438.979778 124796840 
50 441.283641 120870120 
50 434.248270 126342120 
50 441.013623 113417580 
50 438.987819 134721980 
50 438.298321 119211840 
50 436.590599 131007320 
50 441.349501 120841600 
50 433.811366 110923380 
50 443.924622 134643120 
50 442.272451 121926120 
50 433.795571 128823480 
50 436.676614 121593780 
50 437.489130 116934380 
50 439.118161 120834280 
50 441.114491 116543440 
50 442.529797 114478880 
50 436.394625 125051760 
50 445.541883 114884520 
50 436.929708 128169120 
50 435.532799 108439200 
50 445.008286 116426340 
50 438.627093 122415800 
